1431417238 1000 0 0 0 0
1431418066 1009 0 0 0 0
1431419049 1027 0 0 0 0
1431419581 1027 0 0 0 0
1431419613 1031 0 0 0 0
1431420615 1054 0 0 0 0
1431421371 1065 0 0 0 0
1431421937 1065 0 0 0 0
1431428746 1074 0 0 0 0
1431429740 1146 0 0 0 0
1431432589 1160 0 0 0 0
1431432631 1162 0 0 0 0
1431432670 1209 0 0 0 0
1431434268 1215 0 0 0 0
1431435107 1241 0 0 0 0
1431436373 1241 0 0 0 677
1431441181 1269 0 0 0 677
1431499104 1291 0 0 0 677
1431501551 1298 0 0 0 677
1431503853 1305 0 0 0 677
1431515899 1305 0 0 0 677
1431515955 1310 0 0 0 677
1431515986 1311 0 0 0 677
1431516107 1324 0 0 0 677
1431520448 1346 0 0 0 677
1431527097 1363 0 0 0 677
1431587800 1369 0 0 0 677
1431589420 1381 0 0 0 677
1431590422 1410 0 0 0 677
1431591046 1556 0 0 0 677
1431607602 1561 0 0 0 677
1431944769 1563 0 0 0 677
1432110410 2115 0 0 0 677
1432196308 2127 0 0 0 677
1432196342 2127 0 0 0 677
1432213650 2146 0 0 0 677
1432648527 2148 0 0 0 677
1432648592 2182 0 0 0 677
1432648621 2194 0 0 0 677
1433155800 2230 0 0 0 677
1433318293 2289 0 0 0 677
1433318406 2289 0 0 0 677
1433318550 2292 0 0 0 677
1433318659 2297 0 0 0 677
1433318731 2300 0 0 0 677
1433318819 2305 0 0 0 677
1433319344 2313 0 0 0 677
1433319420 2315 0 0 0 677
1433319802 2320 0 0 0 677
1433320465 2330 0 0 0 677
1433321026 2345 0 0 0 677
1433328667 2349 0 0 0 677
1433328787 2351 0 0 0 677
1433329760 2363 0 0 0 677
1433330375 2367 0 0 0 677
1433330423 2368 0 0 0 677
1433851915 2448 0 0 0 677
1433917410 2455 0 0 0 677
1433917571 2478 0 0 0 677
1434006269 2652 0 0 0 677
1434026464 2676 0 0 0 677
1434026507 2703 0 0 0 677
1434030132 2706 0 0 0 677
1434031925 2727 0 0 0 677
1434094247 2793 0 0 0 677
1434352240 2860 0 0 0 677
1434352334 2863 0 0 0 677
1434370383 2880 0 0 0 677
1434439825 2908 0 0 0 677
1434439952 3005 0 0 0 677
1434440098 3005 0 0 0 677
1434440436 3015 0 0 0 677
1434440776 3026 0 0 0 677
1434440802 3027 0 0 0 677
1434440985 3037 0 0 0 677
1434441791 3040 0 0 0 677
1434441830 3043 0 0 0 677
1434451424 3123 0 0 0 677
1434451445 3180 0 0 0 677
1434454730 3624 0 0 0 677
1434522933 3649 0 0 0 677
1434540609 3717 0 0 0 677
1434541292 3738 0 0 0 677
1434541517 3739 0 0 0 677
1434545585 3743 0 0 0 677
1434613214 3754 0 0 0 677
1434624418 3776 0 0 0 677
1434631208 3791 0 0 0 677
1435587619 3900 0 0 0 677
1435656179 4192 0 0 0 677
1435660658 4202 0 0 0 677
1435661147 4206 0 0 0 677
1435661565 4206 0 0 0 677
1435670886 4207 0 0 0 677
1435670931 4237 0 0 0 677
1435670993 4242 0 0 0 677
1435671116 4243 0 0 0 677
1435731192 4244 0 0 0 677
1435737510 4244 0 0 0 677
1435737642 4296 0 0 0 677
1435737963 4298 0 0 0 677
1435738735 4307 0 0 0 677
1435746641 4313 0 0 0 677
1435746824 4361 0 0 0 677
1435751250 4375 0 0 0 677
1435759653 4474 0 0 0 677
1435822975 4535 0 0 0 677
1435841966 4574 0 0 0 677
1435842012 4574 0 0 0 677
1435843755 4689 0 0 0 677
1435845132 4698 0 0 0 677
1435904770 4699 0 0 0 677
1436163943 4733 0 0 0 677
1436164324 4766 0 0 0 677
1436164570 4766 0 0 0 677
1436171292 4815 0 0 0 677
1436171646 4817 0 0 0 677
1436171682 4817 0 0 0 677
1436271207 4926 0 0 0 677
1436272443 4927 0 0 0 677
1436278089 4975 0 0 0 677
1436298988 4979 0 0 0 677
1436313643 5028 0 0 0 677
1436348459 5080 0 0 0 677
1436356483 5101 0 0 0 677
1436356508 5101 0 0 0 677
1436356925 5111 0 0 0 677
1436364979 5170 0 0 0 677
1436389723 5254 0 0 0 677
1436389750 5254 0 0 0 677
1436423186 5265 0 0 0 677
1436423771 5271 0 0 0 677
1436426158 5281 0 0 0 677
1436426199 5281 0 0 0 677
1436427734 5283 0 0 0 677
1436429650 40000 0 0 0 677
1436430513 40018 0 0 0 677
1436432865 40102 0 0 0 677
1436434018 40109 0 0 0 677
1436436178 40112 0 0 0 677
1436436335 40112 0 0 0 677
1436437654 40131 0 0 0 677
1436437796 40132 0 0 0 677
1436439045 40134 0 0 0 677
1436439745 40156 0 0 0 677
1436443979 40163 0 0 0 677
1436533803 40200 0 0 0 677
1436881810 40200 0 2 0 677
1437029035 40339 0 2 0 677
1437029079 40339 0 2 0 677
1437029109 40339 0 2 0 677
1437033335 40421 0 2 0 677
1437033382 40426 0 2 0 677
1437683407 40448 0 2 0 677
1437684458 40449 0 2 0 677
1437685020 40537 0 2 0 677
1438323571 40544 0 2 0 677
1439285310 40544 0 37 0 677
1439285333 40544 0 37 0 677
1439558323 40544 0 37 0 677
1439558351 40544 0 37 0 677
1439558440 40610 0 37 0 677
1439809099 40785 0 37 0 677
1439970988 41093 0 37 0 677
1439971055 41331 0 37 0 677
1439988900 41489 0 37 0 677
1439989278 41489 0 37 0 677
1439993866 41493 0 37 0 677
1439997402 41493 0 37 0 677
1439997512 41493 0 37 0 677
1440059816 41496 0 37 0 677
1440066338 41499 0 37 0 677
1440138921 41500 0 37 0 677
1440139024 50622 0 37 0 677
1440154235 50700 0 37 0 677
1440580605 52266 0 37 0 677
1440660892 53076 0 37 0 677
1440661112 53076 0 37 0 677
1440661525 54688 0 37 0 677
1440752834 54690 0 37 0 677
1440851208 54692 0 37 0 677
1440851250 54692 0 37 0 677
1441007169 54692 1 37 0 677
1441016055 54692 2933 37 0 677
1441016105 54692 2940 37 0 677
1441016125 54692 2940 37 0 677
1441016168 54692 2941 37 0 677
1441016239 54692 3050 37 0 677
1441016592 54694 3050 37 0 677
1441026243 54694 3108 37 0 677
1441026350 54694 3133 37 0 677
1441026410 54694 3139 37 0 677
1441026434 54694 3139 37 0 677
1441031102 54903 3139 37 0 677
1441089105 54903 3218 37 0 677
1441092136 57746 3218 37 0 677
1441092313 57746 6431 37 0 677
1441094645 57771 6431 37 0 677
1441094711 57771 6431 37 0 677
1441095932 57798 6432 37 0 677
1441198196 57884 6432 37 0 677
1441203726 57884 6495 37 0 677
1441203745 57884 6511 37 0 677
1441203874 57884 6550 37 0 677
1441204949 57884 6550 37 0 677
1441220671 58011 6550 37 0 677
1441220699 58014 6550 37 0 677
1441278059 58014 6550 37 0 677
1441278132 58014 6657 37 0 677
1441278161 58014 6743 37 0 677
1441278209 58014 6750 37 0 677
1441278246 58014 6753 37 0 677
1441279295 58133 6753 37 0 677
1441279711 58133 6753 37 0 677
1441281203 58133 6753 37 0 677
1441281399 58215 6753 37 0 677
1441281426 58215 6753 37 0 677
1441282878 58308 6753 37 0 677
1441282944 58308 6753 37 0 677
1441283887 58309 6753 37 0 677
1441284327 58310 6753 37 0 677
1441285427 61855 6753 37 0 677
1441285469 61855 6753 37 0 677
1441285508 61855 6753 37 0 677
1441285618 61857 6753 37 0 677
1441290141 61857 6753 37 0 677
1441290158 61857 6761 37 0 677
1441290173 61857 6808 37 0 677
1441365118 61857 6942 37 0 677
1441365129 61857 6942 37 0 677
1441365153 61857 7009 37 0 677
1441372105 61857 7050 37 0 677
1441372140 61857 7052 37 0 677
1441372160 61857 7133 37 0 677
1441374238 61857 7135 37 0 677
1441404824 61991 7135 37 0 677
1441405609 61996 7135 37 0 677
1441612487 62337 7135 37 0 677
1441613504 62337 7135 37 0 677
1441613817 62337 7135 37 0 677
1441719909 62461 7135 37 0 677
1441795888 62514 7135 37 0 677
1441799864 63119 7135 37 0 677
1441800602 63126 7135 37 0 677
1441800679 63126 7135 37 0 677
1441803375 63126 7135 40 0 677
1441893148 63174 7135 40 0 677
1441955366 63211 7135 40 0 677
1441955395 63211 7135 40 0 677
1441955537 63238 7135 40 0 677
1441955609 63238 7135 40 0 677
1441960136 63246 7135 40 0 677
1442300786 63545 7135 40 0 677
1442424537 63647 7135 40 0 677
1442425164 64267 7135 40 0 677
1442425910 64267 7135 40 0 677
1442425978 64267 7135 40 0 677
1442472356 64313 7135 40 0 677
1442472587 64314 7135 40 0 677
1442485294 64363 7135 40 0 677
1442487056 64589 7135 40 0 677
1442496136 64656 7135 40 0 677
1442507671 64773 7135 40 0 677
1442529468 65006 7135 40 0 677
1442557343 65009 7135 40 0 677
1442559740 65037 7135 40 0 677
1442563671 65050 7135 40 0 677
1442566276 65059 7135 40 0 677
1442567076 65072 7135 40 0 677
1442568188 65368 7135 40 0 677
1442571962 65373 7135 40 0 677
1442572200 65375 7135 40 0 677
1442580714 65415 7135 40 0 677
1442580861 65417 7135 40 0 677
1442585267 65455 7135 40 0 677
1442587514 65579 7135 40 0 677
1442616142 65580 7135 40 0 677
1442647681 65660 7135 40 0 677
1442821697 65664 7135 40 0 677
1442825074 65690 7135 40 0 677
1442839651 65782 7135 40 0 677
1442842224 65822 7135 40 0 677
1442843282 66160 7135 40 0 677
1442914839 66177 7135 40 0 677
1443428557 66288 7135 40 0 677
1443429104 66409 7135 40 0 677
1443430885 67004 7135 40 0 677
1443432989 67015 7135 40 0 677
1443437003 67015 7136 40 0 677
1443437047 67015 7164 40 0 677
1443437143 67015 7171 40 0 677
1443437383 67015 7171 40 0 677
1443437505 67050 7171 40 0 677
1443438470 67058 7171 40 0 677
1443441301 67089 7171 40 0 677
1443448749 67178 7171 40 0 677
1443448770 67178 7171 40 0 677
1443520546 67226 7171 40 0 677
1443592904 67231 7171 40 0 677
1443604811 67241 7171 40 0 677
1443605350 67248 7171 40 0 677
1443613827 67248 7231 40 0 677
1443613925 67248 7235 40 0 677
1443614575 67248 7295 40 0 677
1443620008 67273 7295 40 0 677
1443620042 67273 7295 40 0 677
1443620155 67339 7295 40 0 677
1443622293 67411 7295 40 0 677
1443622415 67411 7295 40 0 677
1443623136 67411 7295 40 0 677
1443791512 67412 7295 40 0 677
1443793752 67413 7295 40 0 677
1444026149 67414 7295 40 0 677
1444122118 67467 7295 40 0 677
1444139674 67467 7295 40 0 677
1444139796 67767 7295 40 0 677
1444139824 67767 7295 40 0 677
1444299439 67773 7295 40 0 677
1444306972 67880 7295 40 0 677
1444388680 67880 7295 40 0 677
1444391368 67880 7300 40 0 677
1444391402 67880 7330 40 0 677
1444392083 67883 7330 40 0 677
1444393884 68017 7330 40 0 677
1444809900 68028 7330 40 0 677
1444810950 68028 7330 40 0 677
1444810990 68028 7330 40 0 677
1444911498 68118 7330 40 0 677
1445256543 68118 7533 40 0 677
1445256607 68118 7585 40 0 677
1445256652 68118 7612 40 0 677
1445359389 68118 7737 40 0 677
1445359412 68118 7907 40 0 677
1445425521 68118 7932 40 0 677
1445425534 68118 7934 40 0 677
1445425553 68118 8031 40 0 677
1445426275 68244 8031 40 0 677
1445426341 68244 8031 40 0 677
1445426514 68244 8031 40 0 677
1445517022 68244 8056 40 0 677
1445517061 68244 8056 40 0 677
1445518433 68244 8061 40 0 677
1445518457 68244 8063 40 0 677
1445518467 68244 8064 40 0 677
1445518942 68345 8064 40 0 677
1445521316 68345 8064 40 0 677
1445521459 68345 8064 40 0 677
1445772644 68449 8064 40 0 677
1445773487 68450 8064 40 0 677
1445789824 68472 8064 40 0 677
1445868082 68491 8064 40 0 677
1445938372 68503 8064 40 0 677
1445938970 68505 8064 40 0 677
1445939128 68505 8064 40 0 677
1446029865 68605 8064 40 0 677
1446159386 68995 8064 40 0 677
1446208466 68995 8080 40 0 677
1446208489 68995 8082 40 0 677
1446217978 69247 8082 40 0 677
1446218426 69247 8082 40 0 677
1446269148 69250 8082 40 0 677
1446466554 69250 8082 40 8 677
1446466819 69277 8082 40 8 677
1446535608 69285 8082 40 8 677
1446541753 69393 8082 40 8 677
1446542081 69395 8082 40 8 677
1446545673 69449 8082 40 8 677
1446550428 69449 8082 40 8 677
1446550912 69457 8082 40 8 677
1446550973 69457 8082 40 8 677
1446551022 69457 8082 40 8 677
1446555338 69538 8082 40 8 677
1446556223 69542 8082 40 8 677
1446556250 69542 8082 40 8 677
1446564562 69565 8082 40 8 677
1446632982 71023 8082 40 8 677
1446633018 71023 8082 40 8 677
1446637922 99951 8082 40 8 677
1446638059 99973 8082 40 8 677
1446638078 99973 8082 40 8 677
1446714654 99974 8082 40 8 677
1446714718 99974 8082 40 8 677
1446716681 99987 8082 40 8 677
1446716748 99987 8082 40 8 677
1446723876 100142 8082 40 8 677
1446723910 100142 8082 40 8 677
1446732050 100236 8082 40 8 677
1446732070 100236 8082 40 8 677
1446795415 100314 8082 40 8 677
1446795436 100314 8082 40 8 677
1446819170 100406 8082 40 8 677
1446820093 100410 8082 40 8 677
1446823809 100442 8082 40 8 677
1446823855 100442 8082 40 8 677
1446824209 100443 8082 40 8 677
1446824239 100443 8082 40 8 677
1446902207 100542 8082 40 8 677
1447062891 100573 8082 40 8 677
1447063075 100645 8082 40 8 677
1447147365 100689 8082 40 8 677
1447147533 100715 8082 40 8 677
1447161502 100753 8082 40 8 677
1447229042 100814 8082 40 8 677
1447240321 100816 8082 40 8 677
1447241574 100904 8082 40 8 677
1447241616 100904 8082 40 8 677
1447251666 100977 8082 40 8 677
1447401129 101223 8082 40 8 677
1447408127 101223 8082 40 8 677
1447687059 101482 8082 40 8 677
1447688284 101541 8082 40 8 677
1447754978 101680 8082 40 8 677
1447765802 101680 8082 40 8 677
1447772874 101727 8082 40 8 677
1447837358 102027 8082 40 8 677
1447843803 102041 8082 40 8 677
1447844683 102045 8082 40 8 677
1447848025 102053 8082 40 8 677
1447856645 102087 8082 40 8 677
1447856841 102089 8082 40 8 677
1447856919 102090 8082 40 8 677
1447856952 102090 8082 40 8 677
1447860796 102172 8082 40 8 677
1448031749 102358 8082 40 8 677
1448031777 102358 8082 40 8 677
1448285020 105741 8082 40 8 677
1448287500 105742 8082 40 8 677
1448352268 105774 8082 40 8 677
1448352928 105774 8082 40 8 677
1448360730 105817 8082 40 8 677
1448360806 105817 8082 40 8 677
1448360876 105838 8082 40 8 677
1448367563 105854 8082 40 8 677
1448402799 105924 8082 40 8 677
1448402851 105924 8082 40 8 677
1448438708 105934 8082 40 8 677
1448440558 105936 8082 40 8 677
1448464016 106062 8082 40 8 677
1448464161 106062 8082 40 8 677
1448564811 106217 8082 40 8 677
1448568915 106273 8082 40 8 677
1448617580 106327 8082 40 8 677
1448621887 106434 8082 40 8 677
1448877263 106557 8082 40 8 677
1448906905 106736 8082 40 8 677
1448963106 106855 8082 40 8 677
1448963156 106903 8082 40 8 677
1448963181 106903 8082 40 8 677
1448978867 107120 8082 40 8 677
1448980691 107120 8082 40 8 677
1448981214 107123 8082 40 8 677
1448981236 107123 8082 40 8 677
1449057438 107151 8082 40 8 677
1449067865 107216 8082 40 8 677
1449067886 107216 8082 40 8 677
1449075009 107232 8082 40 8 677
1449145931 107243 8082 40 8 677
1449146417 107256 8082 40 8 677
1449148598 107271 8082 40 8 677
1449148716 107283 8082 40 8 677
1449149493 107290 8082 40 8 677
1449149526 107291 8082 40 8 677
1449312784 107747 8082 40 8 677
1449314209 107758 8082 40 8 677
1449442243 107853 8082 40 8 677
1449442920 107887 8082 40 8 677
1449495798 108320 8082 40 8 677
1449495833 108323 8082 40 8 677
1449531608 108465 8082 40 8 677
1449571870 108576 8082 40 8 677
1449576963 108582 8082 40 8 677
1449577624 108583 8082 40 8 677
1449587505 108735 8082 40 8 677
1449657921 108735 8105 40 8 677
1449657953 108735 8106 40 8 677
1449657970 108735 8106 40 8 677
1449657978 108735 8106 40 8 677
1449657987 108735 8109 40 8 677
1449657994 108735 8109 40 8 677
1449659892 108979 8109 40 8 677
1449660042 108979 8109 40 8 677
1449661150 109015 8109 40 8 677
1449753988 109393 8109 40 8 677
1449754054 109397 8109 40 8 677
1449757952 109397 8132 40 8 677
1449757976 109397 8203 40 8 677
1449757994 109397 8203 40 8 677
1449758949 109400 8203 40 8 677
1449761103 109400 8203 40 8 677
1449789872 109471 8203 40 8 677
1450118391 109652 8203 40 8 677
1450118867 109652 8203 40 8 677
1450175138 109745 8203 40 8 677
1450175161 109745 8203 40 8 677
1450208031 109785 8203 40 8 677
1450215750 109840 8203 40 8 677
1450277721 109953 8203 40 8 677
1450277746 109953 8203 40 8 677
1450440601 109956 8203 40 8 677
1450446783 109957 8203 40 8 677
1450478120 109960 8203 40 8 677
1450479219 110019 8203 40 8 677
1450480968 110025 8203 40 8 677
1450612792 110074 8203 40 8 677
1450632853 110203 8203 40 8 677
1450690914 110535 8203 40 8 677
1450698418 110548 8203 40 8 677
1450698754 110560 8203 40 8 677
1450704797 110560 8254 40 8 677
1450704806 110560 8285 40 8 677
1450705498 110586 8285 40 8 677
1450705757 110586 8285 40 8 677
1450709477 110685 8285 40 8 677
1450709538 110686 8285 40 8 677
1450735627 110817 8285 40 8 677
1450770413 110981 8285 40 8 677
1450770930 110983 8285 40 8 677
1450770968 110984 8285 40 8 677
1450784482 110984 8285 203 8 677
1450786904 111001 8285 203 8 677
1450866395 111122 8285 203 8 677
1450866476 111122 8285 203 8 677
1450872349 111194 8285 203 8 677
1450878440 111256 8285 203 8 677
1450879557 111258 8285 203 8 677
1450880041 111262 8285 203 8 677
1450884612 111270 8285 203 8 677
1450946748 111275 8285 203 8 677
1450947617 111278 8285 203 8 677
1450958638 111318 8285 203 8 677
1450958802 111374 8285 203 8 677
1450965921 111376 8285 203 8 677
1451308436 111482 8285 203 8 677
1451309770 111483 8285 203 8 677
1451309890 111484 8285 203 8 677
1451314857 111484 8285 203 8 677
1452168334 111484 8292 203 8 677
1452168354 111484 8296 203 8 677
1452673357 111491 8296 203 8 677
1452697028 111672 8296 203 8 677
1452697110 114355 8296 203 8 677
1452756680 114355 8296 203 8 677
1452785534 115723 8296 203 8 677
1453278217 245149 8296 203 8 677
1453288849 246814 8296 203 8 677
1453389707 247470 8296 203 8 677
1453471964 247520 8296 203 8 677
1453472064 247520 8363 203 8 677
1453472220 247520 8363 203 8 677
1453733428 247520 8377 203 8 677
1453733595 247520 8377 203 8 677
1453794989 247813 8377 203 8 677
1453818916 247815 8377 203 8 677
1453890461 247880 8377 203 8 677
1453897871 247890 8377 203 8 677
