1431417238 1000
1431418066 1004
1431419049 1324
1431419581 1319
1431419613 1313
1431420615 1329
1431421371 1336
1431421937 1325
1431428746 1325
1431429740 1387
1431432589 1401
1431432631 1403
1431432670 1450
1431434268 1456
1431435107 1477
1431441181 1488
1431499104 1490
1431501551 1497
1431503853 1502
1431515899 1467
1431515955 1469
1431515986 1469
1431516107 1459
1431520448 1465
1431527097 1466
1431587800 1461
1431589420 1472
1431590422 1481
1431591046 1598
1431607602 1603
1431944769 709
1432110410 1361
1432196308 1545
1432196342 1545
1432213650 1560
1432648527 1562
1432648592 1562
1432648621 1573
1433155800 1609
1433318293 1667
1433318406 1666
1433318550 1664
1433318659 1659
1433318731 1659
1433318819 1663
1433319344 1668
1433319420 1661
1433319802 1661
1433320465 1661
1433321026 1662
1433328667 1666
1433328787 1668
1433329760 1679
1433330375 1682
1433330423 1683
1433851915 1753
1433917410 1757
1433917571 1780
1434006269 1872
1434026464 1896
1434026507 1916
1434030132 1918
1434031925 1938
1434094247 1980
1434352240 2002
1434352334 2003
1434370383 2016
1434439825 1942
1434439952 2039
1434440098 2036
1434440436 2023
1434440776 2030
1434440802 2030
1434440985 2036
1434441791 2039
1434441830 2039
1434451424 1983
1434451445 2040
1434454730 2088
1434522933 2093
1434540609 2145
1434541292 2152
1434541517 2153
1434545585 2152
1434613214 2159
1434624418 2168
1434631208 2179
1435661565 2517
1435737510 2537
1435737642 2569
1435737963 2570
1435738735 2572
1435746641 2572
1435746824 2589
1435751250 2593
1435759653 2671
1435822975 2732
1435842012 2769
1436164570 2894
1436171682 2919
1436271207 2961
1436272443 2958
1436278089 2967
1436298988 2967
1436313643 2976
1436356508 3014
1436356925 3016
1436364979 3021
1436389750 2962
1436423186 2964
1436423771 2959
1436426158 2963
1436426199 2962
1436427734 2962
1436429650 37660
1436430513 37673
1436432865 37752
1436434018 37757
1436436178 37743
1436436335 37742
1436437654 37741
1436437796 37741
1436439045 37742
1436439745 37754
1436443979 37759
1436533803 37636
1437029079 3040
1437029109 3040
1437683407 3057
1437684458 3058
1437685020 3059
1439558351 3143
1439558440 3178
1439971055 3369
1439989278 3509
1439997512 3525
1440059816 3525
1440066338 3525
1440138921 3525
1440139024 12647
1440154235 12707
1440661112 5864
1440661525 7476
1440752834 7478
1440851250 7479
1441092313 10463
1441094711 13425
1441279711 13537
1441281426 13798
1441282944 13813
1441283887 13813
1441284327 13813
1441285508 17098
1441285618 17098
1441800679 17753
1441955395 17806
1441955537 17826
1441955609 17755
1442425978 17889
1442472356 17907
1442472587 17907
1442485294 17925
1442487056 17938
1442496136 17993
1442507671 18023
1442529468 18082
1442557343 18082
1442559740 18096
1442563671 18100
1442566276 18104
1442567076 18105
1442568188 18401
1442571962 18404
1442572200 18404
1442580714 18401
1442580861 18401
1442585267 18410
1442587514 18522
1442616142 18522
1442647681 18574
1442821697 18562
1442825074 18580
1442839651 18641
1442842224 18653
1442843282 18708
1442914839 18713
1443428557 18552
1443429104 18387
1443430885 18490
1443432989 18485
1443437383 18509
1443437505 18532
1443438470 18532
1443613827 18591
1443623136 18837
1444388680 18547
1444810990 18658
1444911498 18690
1445426341 18798
1445426514 19438
1445521316 16640
1445521459 16666
1446550973 17088
1446551022 17094
1446556250 17081
1446633018 17924
1446638078 46796
1446714718 46796
1446716748 46801
1446723910 46956
1446732070 47026
1446795436 47045
1446824239 47135
1446902207 47206
1447062891 47210
1447063075 47245
1447147365 47275
1447147533 47296
1447161502 47317
1447241616 47436
1447251666 47431
1447401129 47460
1447408127 47459
1447687059 47408
1447688284 47467
1447765802 47576
1447772874 47593
1447837358 47668
1447843803 47677
1447844683 47679
1447848025 47684
1447856952 47704
1448031777 47049
1448352928 48802
1448360806 48823
1448360876 48841
1448402851 48867
1448464161 48926
1448963181 49402
1448980691 49494
1448981236 49495
1449067886 49499
1449075009 49501
1449145931 49505
1449146417 49505
1449148598 49505
1449148716 49505
1449149493 49507
1449149526 49507
1449312784 49835
1449314209 49840
1449442243 49822
1449442920 49791
1449495798 50038
1449495833 50038
1449531608 50043
1449571870 49991
1449576963 49995
1449577624 49995
1449587505 49983
1449659892 50155
1449660042 50170
1449661150 50188
1449753988 50352
1449754054 50352
1449758949 50352
1449761103 50358
1449789872 50412
1450118867 50485
1450175161 50519
1450277746 50647
1450440601 50647
1450446783 50647
1450478120 50647
1450479219 50688
1450480968 50688
1450612792 50703
1450632853 50777
1450690914 50923
1450698418 50921
1450698754 50915
1450705498 50920
1450705757 50974
1450709477 51039
1450709538 51039
1450735627 51046
1450770413 51067
1450770930 51067
1450770968 51067
1450786904 51070
1450866395 51130
1450866476 51293
1450872349 51322
1450878440 51376
1450879557 51376
1450880041 51378
1450884612 51381
1450946748 51381
1450947617 51381
1450958638 51380
1450958802 51388
1450965921 51379
1451308436 51437
1451309770 51438
1451309890 51438
1451314857 51437
1452756680 51443
1453472064 179997
1453472220 179968
1453733428 179638
1453733595 179647
1453794989 179672
1453818916 179674
1453890461 179708
1453897871 179717
