1424350572 1 0 0 0 0 0 0 0 0 0 0 0 0 0 0 0 0 0 0 0
1424792471 2 0 0 0 0 0 0 0 0 0 0 0 0 0 0 0 0 0 0 0
1424794049 3 0 0 0 0 0 0 0 0 0 0 0 0 0 0 0 0 0 0 0
1424816370 4 0 0 0 0 0 0 0 0 0 0 0 0 0 0 0 0 0 0 0
1425046146 5 0 0 0 0 0 0 0 0 0 0 0 0 0 0 0 0 0 0 0
1427294615 5 0 0 0 0 0 0 0 0 0 0 0 0 0 0 0 0 0 0 0
1427359430 6 0 0 0 0 0 0 0 0 0 0 0 0 0 0 0 0 0 0 0
1430982762 7 0 0 0 0 0 0 0 0 0 0 0 0 0 0 0 0 0 0 0
1430984851 8 0 0 0 0 0 0 0 0 0 0 0 0 0 0 0 0 0 0 0
1431948223 9 0 0 0 0 0 0 0 0 0 0 0 0 0 0 0 0 0 0 0
1432211715 10 0 0 0 0 0 0 0 0 0 0 0 0 0 0 0 0 0 0 0
1432212219 11 0 0 0 0 0 0 0 0 0 0 0 0 0 0 0 0 0 0 0
1432822634 12 0 0 0 0 0 0 0 0 0 0 0 0 0 0 0 0 0 0 0
1432827210 13 0 0 0 0 0 0 0 0 0 0 0 0 0 0 0 0 0 0 0
1432909741 14 0 0 0 0 0 0 0 0 0 0 0 0 0 0 0 0 0 0 0
1433259538 15 0 0 0 0 0 0 0 0 0 0 0 0 0 0 0 0 0 0 0
1433260040 16 0 0 0 0 0 0 0 0 0 0 0 0 0 0 0 0 0 0 0
1433260123 17 0 0 0 0 0 0 0 0 0 0 0 0 0 0 0 0 0 0 0
1433260228 18 0 0 0 0 0 0 0 0 0 0 0 0 0 0 0 0 0 0 0
1435051030 18 0 0 0 0 0 0 1 0 0 0 0 0 0 0 0 0 0 0 0
1435238790 18 0 0 0 0 0 0 2 0 0 0 0 0 0 0 0 0 0 0 0
1435238839 18 0 0 0 0 0 0 3 0 0 0 0 0 0 0 0 0 0 0 0
1435308926 18 0 0 0 0 0 0 4 0 0 0 0 0 0 0 0 0 0 0 0
1435309119 18 0 0 0 0 0 0 5 0 0 0 0 0 0 0 0 0 0 0 0
1435551094 19 0 0 0 0 0 0 5 0 0 0 0 0 0 0 0 0 0 0 0
1435565583 20 0 0 0 0 0 0 5 0 0 0 0 0 0 0 0 0 0 0 0
1435566673 21 0 0 0 0 0 0 5 0 0 0 0 0 0 0 0 0 0 0 0
1435592630 22 0 0 0 0 0 0 5 0 0 0 0 0 0 0 0 0 0 0 0
1435593989 23 0 0 0 0 0 0 5 0 0 0 0 0 0 0 0 0 0 0 0
1435669712 23 1 0 0 0 0 0 5 0 0 0 0 0 0 0 0 0 0 0 0
1435670370 23 1 0 0 0 1 0 5 0 0 0 0 0 0 0 0 0 0 0 0
1435670810 23 1 0 0 0 2 0 5 0 0 0 0 0 0 0 0 0 0 0 0
1435671101 23 1 0 0 0 3 0 5 0 0 0 0 0 0 0 0 0 0 0 0
1435671368 23 1 0 0 0 4 0 5 0 0 0 0 0 0 0 0 0 0 0 0
1435672048 23 1 0 0 0 5 0 5 0 0 0 0 0 0 0 0 0 0 0 0
1435672221 23 1 0 0 0 6 0 5 0 0 0 0 0 0 0 0 0 0 0 0
1435672367 23 1 0 0 0 7 0 5 0 0 0 0 0 0 0 0 0 0 0 0
1435672665 23 1 0 0 0 8 0 5 0 0 0 0 0 0 0 0 0 0 0 0
1435672789 23 1 0 0 0 9 0 5 0 0 0 0 0 0 0 0 0 0 0 0
1435675104 23 2 0 0 0 9 0 5 0 0 0 0 0 0 0 0 0 0 0 0
1435675297 23 3 0 0 0 9 0 5 0 0 0 0 0 0 0 0 0 0 0 0
1435742092 23 3 0 0 0 9 0 5 0 0 0 0 0 0 0 0 1 0 0 0
1435746181 23 4 0 0 0 9 0 5 0 0 0 0 0 0 0 0 1 0 0 0
1435756024 23 4 0 1 0 9 0 5 0 0 0 0 0 0 0 0 1 0 0 0
1435756089 23 4 0 2 0 9 0 5 0 0 0 0 0 0 0 0 1 0 0 0
1435756864 23 5 0 2 0 9 0 5 0 0 0 0 0 0 0 0 1 0 0 0
1435757018 23 6 0 2 0 9 0 5 0 0 0 0 0 0 0 0 1 0 0 0
1435917199 24 6 0 2 0 9 0 5 0 0 0 0 0 0 0 0 1 0 0 0
1435931468 24 7 0 2 0 9 0 5 0 0 0 0 0 0 0 0 1 0 0 0
1436163780 24 8 0 2 0 9 0 5 0 0 0 0 0 0 0 0 1 0 0 0
1436177702 24 9 0 2 0 9 0 5 0 0 0 0 0 0 0 0 1 0 0 0
1436179757 24 9 0 2 0 9 0 5 0 0 0 0 0 0 0 0 2 0 0 0
1436180476 24 9 0 2 0 9 0 5 0 0 0 0 0 0 0 0 3 0 0 0
1436181799 24 10 0 2 0 9 0 5 0 0 0 0 0 0 0 0 3 0 0 0
1436181889 24 10 0 2 0 9 0 6 0 0 0 0 0 0 0 0 3 0 0 0
1436182079 24 10 0 2 0 9 0 7 0 0 0 0 0 0 0 0 3 0 0 0
1436182112 24 10 0 2 0 9 0 8 0 0 0 0 0 0 0 0 3 0 0 0
1436182819 24 11 0 2 0 9 0 8 0 0 0 0 0 0 0 0 3 0 0 0
1436190913 25 11 0 2 0 9 0 8 0 0 0 0 0 0 0 0 3 0 0 0
1436253458 25 11 0 2 0 9 0 9 0 0 0 0 0 0 0 0 3 0 0 0
1436254071 26 11 0 2 0 9 0 9 0 0 0 0 0 0 0 0 3 0 0 0
1436254111 27 11 0 2 0 9 0 9 0 0 0 0 0 0 0 0 3 0 0 0
1436257606 28 11 0 2 0 9 0 9 0 0 0 0 0 0 0 0 3 0 0 0
1436257688 29 11 0 2 0 9 0 9 0 0 0 0 0 0 0 0 3 0 0 0
1436257797 30 11 0 2 0 9 0 9 0 0 0 0 0 0 0 0 3 0 0 0
1436257979 31 11 0 2 0 9 0 9 0 0 0 0 0 0 0 0 3 0 0 0
1436258052 32 11 0 2 0 9 0 10 0 0 0 0 0 0 0 0 3 0 0 0
1436267727 32 11 0 2 0 9 0 11 0 0 0 0 0 0 0 0 3 0 0 0
1436267783 32 11 0 2 0 9 0 12 0 0 0 0 0 0 0 0 3 0 0 0
1436267798 32 11 0 2 0 9 0 13 0 0 0 0 0 0 0 0 3 0 0 0
1436269068 32 11 0 2 0 10 0 13 0 0 0 0 0 0 0 0 3 0 0 0
1436269539 32 11 0 2 0 11 0 13 0 0 0 0 0 0 0 0 3 0 0 0
1436269759 32 11 0 2 0 12 0 13 0 0 0 0 0 0 0 0 3 0 0 0
1436270004 32 11 0 2 0 13 0 13 0 0 0 0 0 0 0 0 3 0 0 0
1436270171 32 11 0 2 0 14 0 13 0 0 0 0 0 0 0 0 3 0 0 0
1436270257 32 11 0 2 0 15 0 13 0 0 0 0 0 0 0 0 3 0 0 0
1436270317 33 11 0 2 0 15 0 13 0 0 0 0 0 0 0 0 3 0 0 0
1436270347 34 11 0 2 0 15 0 13 0 0 0 0 0 0 0 0 3 0 0 0
1436272102 34 11 0 2 0 16 0 13 0 0 0 0 0 0 0 0 3 0 0 0
1436272286 34 11 0 2 0 17 0 13 0 0 0 0 0 0 0 0 3 0 0 0
1436273067 34 11 0 2 0 18 0 13 0 0 0 0 0 0 0 0 3 0 0 0
1436274450 34 11 0 2 0 18 0 14 0 0 0 0 0 0 0 0 3 0 0 0
1436275313 34 11 0 2 0 18 0 15 0 0 0 0 0 0 0 0 3 0 0 0
1436275586 34 11 0 2 0 18 0 16 0 0 0 0 0 0 0 0 3 0 0 0
1436275674 34 11 0 2 0 18 0 17 0 0 0 0 0 0 0 0 3 0 0 0
1436284080 34 11 0 3 0 18 0 17 0 0 0 0 0 0 0 0 3 0 0 0
1436284113 34 11 0 4 0 18 0 17 0 0 0 0 0 0 0 0 3 0 0 0
1436290162 34 11 0 4 0 19 0 17 0 0 0 0 0 0 0 0 3 0 0 0
1436290420 34 11 0 4 0 20 0 17 0 0 0 0 0 0 0 0 3 0 0 0
1436290800 34 11 0 4 0 21 0 17 0 0 0 0 0 0 0 0 3 0 0 0
1436291607 34 12 0 4 0 21 0 17 0 0 0 0 0 0 0 0 3 0 0 0
1436292119 35 13 0 4 0 21 0 17 0 0 0 0 0 0 0 0 3 0 0 0
1436298421 35 13 0 4 0 21 0 18 0 0 0 0 0 0 0 0 3 0 0 0
1436298574 36 13 0 4 0 21 0 18 0 0 0 0 0 0 0 0 3 0 0 0
1436301284 37 13 0 4 0 21 0 18 0 0 0 0 0 0 0 0 3 0 0 0
1436302691 38 13 0 4 0 21 0 18 0 0 0 0 0 0 0 0 3 0 0 0
1436303678 39 13 0 4 0 21 0 18 0 0 0 0 0 0 0 0 3 0 0 0
1436303897 40 13 0 4 0 21 0 18 0 0 0 0 0 0 0 0 3 0 0 0
1436308138 41 13 0 4 0 21 0 18 0 0 0 0 0 0 0 0 3 0 0 0
1436309240 42 13 0 4 0 21 0 18 0 0 0 0 0 0 0 0 3 0 0 0
1436339092 43 13 0 4 0 21 0 18 0 0 0 0 0 0 0 0 3 0 0 0
1436339376 44 13 0 4 0 21 0 18 0 0 0 0 0 0 0 0 3 0 0 0
1436339500 45 13 0 4 0 21 0 18 0 0 0 0 0 0 0 0 3 0 0 0
1436345919 46 13 0 4 0 21 0 18 0 0 0 0 0 0 0 0 3 0 0 0
1436355098 47 13 0 4 0 21 0 18 0 0 0 0 0 0 0 0 3 0 0 0
1436357158 47 13 0 4 0 21 0 19 0 0 0 0 0 0 0 0 3 0 0 0
1436364928 47 13 0 4 0 21 0 20 0 0 0 0 0 0 0 0 3 0 0 0
1436389854 47 13 0 4 0 21 0 21 0 0 0 0 0 0 0 0 3 0 0 0
1436421348 47 13 0 4 0 21 0 22 0 0 0 0 0 0 0 0 3 0 0 0
1436422682 48 13 0 4 0 21 0 22 0 0 0 0 0 0 0 0 3 0 0 0
1436432853 49 13 0 4 0 21 0 22 0 0 0 0 0 0 0 0 3 0 0 0
1436434035 50 13 0 4 0 21 0 22 0 0 0 0 0 0 0 0 3 0 0 0
1436441974 50 13 0 4 0 22 0 22 0 0 0 0 0 0 0 0 3 0 0 0
1436442059 50 13 0 4 0 23 0 22 0 0 0 0 0 0 0 0 3 0 0 0
1436442746 50 13 0 4 0 24 0 22 0 0 0 0 0 0 0 0 3 0 0 0
1436443496 50 13 0 4 0 25 0 22 0 0 0 0 0 0 0 0 3 0 0 0
1436443653 50 13 0 4 0 26 0 22 0 0 0 0 0 0 0 0 3 0 0 0
1436443952 50 13 0 4 0 27 0 22 0 0 0 0 0 0 0 0 3 0 0 0
1436533860 50 13 0 4 0 28 0 22 0 0 0 0 0 0 0 0 3 0 0 0
1436534004 50 13 0 4 0 29 0 22 0 0 0 0 0 0 0 0 3 0 0 0
1436534066 50 13 0 4 0 30 0 22 0 0 0 0 0 0 0 0 3 0 0 0
1436534541 50 13 0 4 0 31 0 22 0 0 0 0 0 0 0 0 3 0 0 0
1436567541 51 13 0 4 0 31 0 22 0 0 0 0 0 0 0 0 3 0 0 0
1436857583 51 13 0 4 0 31 0 22 0 0 0 0 0 0 0 0 3 0 0 0
1436867908 51 13 0 4 0 31 0 22 0 0 0 0 0 0 0 1 3 0 0 0
1436867985 51 13 0 4 0 31 0 22 0 0 0 0 0 0 0 2 3 0 0 0
1436869759 51 13 0 4 0 31 0 22 0 0 0 0 0 0 0 3 3 0 0 0
1436869919 51 14 0 4 0 31 0 22 0 0 0 0 0 0 0 3 3 0 0 0
1436870601 51 15 0 4 0 31 0 22 0 0 0 0 0 0 0 3 3 0 0 0
1436951176 51 15 0 5 0 31 0 22 0 0 0 0 0 0 0 3 3 0 0 0
1436955488 51 15 0 5 0 31 0 22 0 0 0 0 1 0 0 3 3 0 0 0
1436977855 51 15 0 5 0 31 0 22 0 0 0 0 1 0 0 3 3 1 0 0
1436977868 51 15 0 5 0 31 0 22 0 0 0 0 1 0 0 3 3 2 0 0
1436993640 51 15 0 5 0 31 0 22 0 0 0 0 1 1 0 3 3 2 0 0
1436997774 51 15 0 5 0 31 0 22 0 0 0 0 1 2 0 3 3 2 0 0
1436998003 51 15 0 5 0 31 0 22 0 0 0 0 1 3 0 3 3 2 0 0
1436998703 51 15 0 5 0 31 0 22 0 0 0 0 1 4 0 3 3 2 0 0
1436998921 51 15 0 5 0 31 0 22 0 0 0 0 1 5 0 3 3 2 0 0
1436999109 51 15 0 5 0 31 0 22 0 0 0 0 1 6 0 3 3 2 0 0
1437386115 51 16 0 5 0 31 0 22 0 0 0 0 1 6 0 3 3 2 0 0
1437388581 51 16 0 5 0 31 0 22 0 0 0 0 1 7 0 3 3 2 0 0
1437388804 51 16 0 5 0 31 0 22 0 0 0 0 1 8 0 3 3 2 0 0
1437553850 51 16 0 5 0 32 0 22 0 0 0 0 1 8 0 3 3 2 0 0
1437553899 51 16 0 5 0 33 0 22 0 0 0 0 1 8 0 3 3 2 0 0
1437554552 51 16 0 5 0 34 0 22 0 0 0 0 1 8 0 3 3 2 0 0
1437556389 51 17 0 5 0 34 0 22 0 0 0 0 1 8 0 3 3 2 0 0
1437606793 51 17 0 5 0 34 0 22 0 0 0 0 1 8 0 3 3 3 0 0
1437657951 51 17 0 5 0 34 0 23 0 0 0 0 1 8 0 3 3 3 0 0
1437657973 51 17 0 5 0 34 0 24 0 0 0 0 1 8 0 3 3 3 0 0
1437723306 51 17 0 5 0 34 0 24 0 0 0 0 1 9 0 3 3 3 0 0
1438167930 51 17 0 5 0 34 0 24 0 0 0 0 1 10 0 3 3 3 0 0
1438168240 51 18 0 5 0 34 0 24 0 0 0 0 1 10 0 3 3 3 0 0
1438760341 52 18 0 5 0 34 0 24 0 0 0 0 1 10 0 3 3 3 0 0
1438760632 56 18 0 5 0 34 0 24 0 0 0 0 1 10 0 3 3 3 0 0
1438760735 57 18 0 5 0 34 0 24 0 0 0 0 1 10 0 3 3 3 0 0
1438760771 58 18 0 5 0 34 0 24 0 0 0 0 1 10 0 3 3 3 0 0
1438793727 59 18 0 5 0 34 0 24 0 0 0 0 1 10 0 3 3 3 0 0
1438810147 60 18 0 5 0 34 0 24 0 0 0 0 1 10 0 3 3 3 0 0
1438860541 61 18 0 5 0 34 0 24 0 0 0 0 1 10 0 3 3 3 0 0
1438941904 62 18 0 5 0 34 0 24 0 0 0 0 1 10 0 3 3 3 0 0
1439202366 63 18 0 5 0 34 0 24 0 0 0 0 1 10 0 3 3 3 0 0
1439285267 63 18 0 5 0 34 0 24 0 0 0 0 2 10 0 3 3 3 0 0
1439285348 63 18 0 5 0 34 0 24 0 0 0 0 3 10 0 3 3 3 0 0
1439366417 63 18 0 5 0 34 0 25 0 0 0 0 3 10 0 3 3 3 0 0
1439401523 64 18 0 5 0 34 0 25 0 0 0 0 3 10 0 3 3 3 0 0
1439450753 65 18 0 5 0 34 0 25 0 0 0 0 3 10 0 3 3 3 0 0
1439462721 65 18 0 6 0 34 0 25 0 0 0 0 3 10 0 3 3 3 0 0
1439471583 65 18 0 7 0 34 0 25 0 0 0 0 3 10 0 3 3 3 0 0
1439472129 66 18 0 7 0 34 0 25 0 0 0 0 3 10 0 3 3 3 0 0
1439472753 67 18 0 7 0 34 0 25 0 0 0 0 3 10 0 3 3 3 0 0
1439475338 68 18 0 7 0 34 0 25 0 0 0 0 3 10 0 3 3 3 0 0
1439555690 68 18 0 8 0 34 0 25 0 0 0 0 3 10 0 3 3 3 0 0
1439556558 68 19 0 8 0 34 0 25 0 0 0 0 3 10 0 3 3 3 0 0
1439725468 69 19 0 8 0 34 0 25 0 0 0 0 3 10 0 3 3 3 0 0
1439879187 70 19 0 8 0 34 0 25 0 0 0 0 3 10 0 3 3 3 0 0
1440060947 71 19 0 8 0 34 0 25 0 0 0 0 3 10 0 3 3 3 0 0
1440072465 71 19 0 9 0 34 0 25 0 0 0 0 3 10 0 3 3 3 0 0
1440144130 71 20 0 9 0 34 0 25 0 0 0 0 3 10 0 3 3 3 0 0
1440154323 71 20 0 9 0 35 0 25 0 0 0 0 3 10 0 3 3 3 0 0
1440154394 71 20 0 9 0 36 0 25 0 0 0 0 3 10 0 3 3 3 0 0
1440154889 71 21 0 9 0 36 0 25 0 0 0 0 3 10 0 3 3 3 0 0
1440155299 71 21 0 9 0 36 0 26 0 0 0 0 3 10 0 3 3 3 0 0
1440411864 72 21 0 9 0 36 0 26 0 0 0 0 3 10 0 3 3 3 0 0
1440411881 73 21 0 9 0 36 0 26 0 0 0 0 3 10 0 3 3 3 0 0
1440503209 73 21 0 9 0 36 0 26 0 0 0 0 3 10 0 3 3 3 0 0
1440503473 73 22 0 9 0 36 0 26 0 0 0 0 3 10 0 3 3 3 0 0
1440576053 74 22 0 9 0 36 0 26 0 0 0 0 3 10 0 3 3 3 0 0
1440576201 75 22 0 9 0 36 0 26 0 0 0 0 3 10 0 3 3 3 0 0
1440599187 76 22 0 9 0 36 0 26 0 0 0 0 3 10 0 3 3 3 0 0
1440601186 77 22 0 9 0 36 0 26 0 0 0 0 3 10 0 3 3 3 0 0
1440648295 78 22 0 9 0 36 0 26 0 0 0 0 3 10 0 3 3 3 0 0
1440685244 79 22 0 9 0 36 0 26 0 0 0 0 3 10 0 3 3 3 0 0
1440749205 79 22 0 9 0 37 0 26 0 0 0 0 3 10 0 3 3 3 0 0
1440749382 79 22 0 9 0 38 0 26 0 0 0 0 3 10 0 3 3 3 0 0
1440750159 79 22 0 9 0 39 0 26 0 0 0 0 3 10 0 3 3 3 0 0
1440771741 80 22 0 9 0 39 0 26 0 0 0 0 3 10 0 3 3 3 0 0
1440772203 80 22 0 9 0 40 0 26 0 0 0 0 3 10 0 3 3 3 0 0
1440993781 81 22 0 9 0 40 0 26 0 0 0 0 3 10 0 3 3 3 0 0
1441015772 82 22 0 9 0 40 0 26 0 0 0 0 3 10 0 3 3 3 0 0
1441019878 82 23 0 9 0 40 0 26 0 0 0 0 3 10 0 3 3 3 0 0
1441029196 83 23 0 9 0 40 0 26 0 0 0 0 3 10 0 3 3 3 0 0
1441029292 84 23 0 9 0 40 0 26 0 0 0 0 3 10 0 3 3 3 0 0
1441030883 85 23 0 9 0 40 0 26 0 0 0 0 3 10 0 3 3 3 0 0
1441113380 86 23 0 9 0 40 0 26 0 0 0 0 3 10 0 3 3 3 0 0
1441114961 87 23 0 9 0 40 0 26 0 0 0 0 3 10 0 3 3 3 0 0
1441185307 87 23 0 9 0 41 0 26 0 0 0 0 3 10 0 3 3 3 0 0
1441345609 88 23 0 9 0 41 0 26 0 0 0 0 3 10 0 3 3 3 0 0
1441355937 89 23 0 9 0 41 0 26 0 0 0 0 3 10 0 3 3 3 0 0
1441361883 90 23 0 9 0 41 0 26 0 0 0 0 3 10 0 3 3 3 0 0
1441376127 91 23 0 9 0 41 0 26 0 0 0 0 3 10 0 3 3 3 0 0
1441376172 92 23 0 9 0 41 0 26 0 0 0 0 3 10 0 3 3 3 0 0
1441606422 93 23 0 9 0 41 0 26 0 0 0 0 3 10 0 3 3 3 0 0
1441628818 94 23 0 9 0 41 0 26 0 0 0 0 3 10 0 3 3 3 0 0
1441635716 95 23 0 9 0 41 0 26 0 0 0 0 3 10 0 3 3 3 0 0
1441692187 96 23 0 9 0 41 0 26 0 0 0 0 3 10 0 3 3 3 0 0
1441720954 97 23 0 9 0 41 0 26 0 0 0 0 3 10 0 3 3 3 0 0
1441801897 97 23 0 9 0 41 0 26 0 0 0 0 4 10 0 3 3 3 0 0
1441803437 97 23 0 9 0 41 0 26 0 0 0 0 5 10 0 3 3 3 0 0
1441804876 97 23 0 9 0 41 0 26 0 0 0 0 5 10 0 3 3 3 0 0
1441808626 98 23 0 9 0 41 0 26 0 0 0 0 5 10 0 3 3 3 0 0
1441864787 99 23 0 9 0 41 0 26 0 0 0 0 5 10 0 3 3 3 0 0
1441872405 100 23 0 9 0 41 0 26 0 0 0 0 5 10 0 3 3 3 0 0
1441881949 100 23 0 9 0 41 0 26 0 0 0 0 6 10 0 3 3 3 0 0
1441882041 100 23 0 9 0 41 0 26 0 0 0 0 7 10 0 3 3 3 0 0
1441883282 101 23 0 9 0 41 0 26 0 0 0 0 7 10 0 3 3 3 0 0
1441885955 102 23 0 9 0 41 0 26 0 0 0 0 7 10 0 3 3 3 0 0
1441905943 102 23 0 10 0 41 0 26 0 0 0 0 7 10 0 3 3 3 0 0
1441905958 102 23 0 11 0 41 0 26 0 0 0 0 7 10 0 3 3 3 0 0
1441906529 102 23 0 12 0 41 0 26 0 0 0 0 7 10 0 3 3 3 0 0
1441909645 102 23 0 12 0 42 0 26 0 0 0 0 7 10 0 3 3 3 0 0
1441909844 102 23 0 13 0 42 0 26 0 0 0 0 7 10 0 3 3 3 0 0
1441910149 102 23 0 13 0 42 0 26 0 0 0 0 8 10 0 3 3 3 0 0
1441910183 102 23 0 13 0 42 0 26 0 0 0 0 9 10 0 3 3 3 0 0
1441950125 103 23 0 13 0 42 0 26 0 0 0 0 9 10 0 3 3 3 0 0
1441952727 104 23 0 13 0 42 0 26 0 0 0 0 9 10 0 3 3 3 0 0
1441979262 104 24 0 13 0 42 0 26 0 0 0 0 9 10 0 3 3 3 0 0
1441979725 104 25 0 13 0 42 0 26 0 0 0 0 9 10 0 3 3 3 0 0
1442327152 104 25 0 13 0 42 0 26 0 1 0 0 9 10 0 3 3 3 0 0
1442410186 104 25 0 13 0 42 0 26 0 2 0 0 9 10 0 3 3 3 0 0
1442412102 104 25 0 13 0 42 0 26 0 2 0 0 9 10 0 3 3 3 0 1
1442412296 104 25 0 14 0 42 0 26 0 2 0 0 9 10 0 3 3 3 0 1
1442412465 104 25 0 15 0 42 0 26 0 2 0 0 9 10 0 3 3 3 0 1
1442412525 104 25 0 16 0 42 0 26 0 2 0 0 9 10 0 3 3 3 0 1
1442412801 104 25 0 17 0 42 0 26 0 2 0 0 9 10 0 3 3 3 0 1
1442412844 104 25 0 18 0 42 0 26 0 2 0 0 9 10 0 3 3 3 0 1
1442413185 104 25 0 18 0 42 0 26 0 3 0 0 9 10 0 3 3 3 0 1
1442430385 105 25 0 18 0 42 0 26 0 3 0 0 9 10 0 3 3 3 0 1
1442431093 106 25 0 18 0 42 0 26 0 3 0 0 9 10 0 3 3 3 0 1
1442444503 106 25 0 18 0 42 0 26 0 3 0 0 9 10 0 3 3 3 0 2
1442471013 106 26 0 18 0 42 0 26 0 3 0 0 9 10 0 3 3 3 0 2
1442472134 106 27 0 18 0 42 0 26 0 3 0 0 9 10 0 3 3 3 0 2
1442485945 106 28 0 18 0 42 0 26 0 3 0 0 9 10 0 3 3 3 0 2
1442486553 106 29 0 18 0 42 0 26 0 3 0 0 9 10 0 3 3 3 0 2
1442489810 106 30 0 18 0 42 0 26 0 3 0 0 9 10 0 3 3 3 0 2
1442491204 106 30 0 18 0 42 0 26 0 4 0 0 9 10 0 3 3 3 0 2
1442493817 107 30 0 18 0 42 0 26 0 5 0 0 9 10 0 3 3 3 0 2
1442495629 107 31 0 18 0 42 0 26 0 5 0 0 9 10 0 3 3 3 0 2
1442499935 108 31 0 18 0 42 0 26 0 5 0 0 9 10 0 3 3 3 0 2
1442541926 109 31 0 18 0 42 0 26 0 5 0 0 9 10 0 3 3 3 0 2
1442563406 109 32 0 18 0 42 0 26 0 5 0 0 9 10 0 3 3 3 0 2
1442563712 110 32 0 18 0 42 0 26 0 5 0 0 9 10 0 3 3 3 0 2
1442577721 110 32 0 18 0 42 0 26 0 6 0 0 9 10 0 3 3 3 0 2
1442582968 110 32 0 18 0 42 0 26 0 7 0 0 9 10 0 3 3 3 0 2
1442586066 111 32 0 18 0 42 0 26 0 7 0 0 9 10 0 3 3 3 0 2
1442822361 111 32 0 19 0 42 0 26 0 7 0 0 9 10 0 3 3 3 0 2
1442822766 111 32 0 20 0 42 0 26 0 7 0 0 9 10 0 3 3 3 0 2
1442822857 111 32 0 21 0 42 0 26 0 7 0 0 9 10 0 3 3 3 0 2
1442833996 111 32 0 21 0 42 0 26 0 8 0 0 9 10 0 3 3 3 0 2
1442837130 111 32 0 22 0 42 0 26 0 8 0 0 9 10 0 3 3 3 0 2
1442837563 111 32 0 23 0 42 0 26 0 8 0 0 9 10 0 3 3 3 0 2
1442842365 111 32 0 24 0 42 0 26 0 8 0 0 9 10 0 3 3 3 0 2
1442905465 111 32 0 25 0 42 0 26 0 8 0 0 9 10 0 3 3 3 0 2
1442907990 111 33 0 25 0 42 0 26 0 8 0 0 9 10 0 3 3 3 0 2
1442908491 111 33 0 26 0 42 0 26 0 8 0 0 9 10 0 3 3 3 0 2
1442908613 111 33 0 27 0 42 0 26 0 8 0 0 9 10 0 3 3 3 0 2
1442908795 111 34 0 27 0 42 0 26 0 8 0 0 9 10 0 3 3 3 0 2
1442909259 111 34 0 28 0 42 0 26 0 8 0 0 9 10 0 3 3 3 0 2
1442909321 111 34 0 29 0 42 0 26 0 8 0 0 9 10 0 3 3 3 0 2
1442911508 111 35 0 29 0 42 0 26 0 8 0 0 9 10 0 3 3 3 0 2
1443429316 111 36 0 29 0 42 0 26 0 8 0 0 9 10 0 3 3 3 0 2
1443438052 111 36 0 30 0 42 0 26 0 8 0 0 9 10 0 3 3 3 0 2
1443441529 111 37 0 30 0 42 0 26 0 8 0 0 9 10 0 3 3 3 0 2
1443441717 111 38 0 30 0 42 0 26 0 8 0 0 9 10 0 3 3 3 0 2
1443594958 111 39 0 30 0 42 0 26 0 8 0 0 9 10 0 3 3 3 0 2
1443595872 111 40 0 30 0 42 0 26 0 8 0 0 9 10 0 3 3 3 0 2
1443726601 112 40 0 30 0 42 0 26 0 8 0 0 9 10 0 3 3 3 0 2
1443732903 113 40 0 30 0 42 0 26 0 8 0 0 9 10 0 3 3 3 0 2
1443764091 114 40 0 30 0 42 0 26 0 8 0 0 9 10 0 3 3 3 0 2
1443795812 115 40 0 30 0 42 0 26 0 8 0 0 9 10 0 3 3 3 0 2
1444223804 116 40 0 30 0 42 0 26 0 8 0 0 9 10 0 3 3 3 0 2
1444312914 117 40 0 30 0 42 0 26 0 8 0 0 9 10 0 3 3 3 0 2
1444380148 118 40 0 30 0 42 0 26 0 8 0 0 9 10 0 3 3 3 0 2
1444380211 119 40 0 30 0 42 0 26 0 8 0 0 9 10 0 3 3 3 0 2
1444736542 120 40 0 30 0 42 0 26 0 8 0 0 9 10 0 3 3 3 0 2
1444743489 121 40 0 30 0 42 0 26 0 8 0 0 9 10 0 3 3 3 0 2
1444743572 122 40 0 30 0 42 0 26 0 8 0 0 9 10 0 3 3 3 0 2
1444743591 123 40 0 30 0 42 0 26 0 8 0 0 9 10 0 3 3 3 0 2
1444918981 124 40 0 30 0 42 0 26 0 8 0 0 9 10 0 3 3 3 0 2
1445010521 125 40 0 30 0 42 0 26 0 8 0 0 9 10 0 3 3 3 0 2
1445235279 126 40 0 30 0 42 0 26 0 8 0 0 9 10 0 3 3 3 0 2
1445236587 126 40 0 31 0 42 0 26 0 8 0 0 9 10 0 3 3 3 0 2
1445241942 126 40 0 32 0 42 0 26 0 8 0 0 9 10 0 3 3 3 0 2
1445264054 127 40 0 32 0 42 0 26 0 8 0 0 9 10 0 3 3 3 0 2
1445275732 127 40 0 33 0 42 0 26 0 8 0 0 9 10 0 3 3 3 0 2
1445412731 128 40 0 33 0 42 0 26 0 8 0 0 9 10 0 3 3 3 0 2
1445423839 129 40 0 33 0 42 0 26 0 8 0 0 9 10 0 3 3 3 0 2
1445437241 129 40 0 33 0 42 0 26 0 9 0 0 9 10 0 3 3 3 0 2
1445437549 130 40 0 33 0 42 0 26 0 9 0 0 9 10 0 3 3 3 0 2
1445439020 130 40 0 33 0 42 1 26 0 9 0 0 9 10 0 3 3 3 0 2
1445456128 130 40 0 34 0 42 1 26 0 9 0 0 9 10 0 3 3 3 0 2
1445457465 130 40 0 35 0 42 1 26 0 9 0 0 9 10 0 3 3 3 0 2
1445457489 130 40 0 36 0 42 1 26 0 9 0 0 9 10 0 3 3 3 0 2
1445457859 130 40 0 37 0 42 1 26 0 9 0 0 9 10 0 3 3 3 0 2
1445458140 130 40 0 38 0 42 1 26 0 9 0 0 9 10 0 3 3 3 0 2
1445458185 130 40 0 39 0 42 1 26 0 9 0 0 9 10 0 3 3 3 0 2
1445472732 130 40 0 40 0 42 1 26 0 9 0 0 9 10 0 3 3 3 0 2
1445499283 130 40 0 40 0 42 2 26 0 9 0 0 9 10 0 3 3 3 0 2
1445513296 130 41 0 40 0 42 2 26 0 9 0 0 9 10 0 3 3 3 0 2
1445523441 131 41 0 40 0 42 2 26 0 9 0 0 9 10 0 3 3 3 0 2
1445524923 131 42 0 40 0 42 2 26 0 9 0 0 9 10 0 3 3 3 0 2
1445579019 132 42 0 40 0 42 2 26 0 9 0 0 9 10 0 3 3 3 0 2
1445585619 132 42 0 40 0 42 2 26 0 10 0 0 9 10 0 3 3 3 0 2
1445588051 132 43 0 40 0 42 2 26 0 10 0 0 9 10 0 3 3 3 0 2
1445588111 132 44 0 40 0 42 2 26 0 10 0 0 9 10 0 3 3 3 0 2
1445588262 132 45 0 40 0 42 2 26 0 10 0 0 9 10 0 3 3 3 0 2
1445604809 132 46 0 40 0 42 2 26 0 10 0 0 9 10 0 3 3 3 0 2
1445604926 132 47 0 40 0 42 2 26 0 10 0 0 9 10 0 3 3 3 0 2
1445605683 132 48 0 40 0 42 2 26 0 10 0 0 9 10 0 3 3 3 0 2
1445608382 132 49 0 40 0 42 2 26 0 10 0 0 9 10 0 3 3 3 0 2
1445609915 137 49 0 40 0 42 2 26 0 10 0 0 9 10 0 3 3 3 0 2
1445611613 138 49 0 40 0 42 2 26 0 10 0 0 9 10 0 3 3 3 0 2
1445611776 139 49 0 40 0 42 2 26 0 10 0 0 9 10 0 3 3 3 0 2
1445625228 140 49 0 40 0 42 2 26 0 10 0 0 9 10 0 3 3 3 0 2
1445683216 141 49 0 40 0 42 2 26 0 10 0 0 9 10 0 3 3 3 0 2
1445767645 142 49 0 40 0 42 2 26 0 10 0 0 9 10 0 3 3 3 0 2
1445841553 143 49 0 40 0 42 2 26 0 10 0 0 9 10 0 3 3 3 0 2
1445859259 144 49 0 40 0 42 2 26 0 10 0 0 9 10 0 3 3 3 0 2
1445860960 144 50 0 40 0 42 2 26 0 10 0 0 9 10 0 3 3 3 0 2
1445866046 145 50 0 40 0 42 2 26 0 10 0 0 9 10 0 3 3 3 0 2
1445868321 146 52 0 43 0 42 2 26 0 10 0 0 9 10 0 3 3 3 0 2
1445871327 146 53 0 43 0 42 2 26 0 11 0 0 9 10 0 3 3 3 0 2
1445879003 147 53 0 43 0 42 2 26 0 11 0 0 9 10 0 3 3 3 0 2
1445879051 148 53 0 43 0 42 2 26 0 11 0 0 9 10 0 3 3 3 0 2
1445934964 148 54 0 43 0 42 2 26 0 11 0 0 9 10 0 3 3 3 0 2
1445935078 148 55 0 43 0 42 2 26 0 11 0 0 9 10 0 3 3 3 0 2
1445946508 149 55 0 43 0 42 2 26 0 11 0 0 9 10 0 3 3 3 0 2
1446014353 149 55 0 43 0 42 2 26 0 12 0 0 9 10 0 3 3 3 0 2
1446026626 149 55 0 44 0 42 2 26 0 12 0 0 9 10 0 3 3 3 0 2
1446026686 149 55 0 45 0 42 2 26 0 12 0 0 9 10 0 3 3 3 0 2
1446026728 149 55 0 46 0 42 2 26 0 12 0 0 9 10 0 3 3 3 0 2
1446029932 149 56 0 46 0 42 2 26 0 12 0 0 9 10 0 3 3 3 0 2
1446030038 149 57 0 46 0 42 2 26 0 12 0 0 9 10 0 3 3 3 0 2
1446030097 149 58 0 46 0 42 2 26 0 12 0 0 9 10 0 3 3 3 0 2
1446040665 149 58 0 47 0 42 2 26 0 12 0 0 9 10 0 3 3 3 0 2
1446040683 149 58 0 48 0 42 2 26 0 12 0 0 9 10 0 3 3 3 0 2
1446040711 149 58 0 48 0 42 2 26 0 13 0 0 9 10 0 3 3 3 0 2
1446044363 149 59 0 48 0 42 2 26 0 13 0 0 9 10 0 3 3 3 0 2
1446119260 149 59 0 49 0 42 2 26 0 13 0 0 9 10 0 3 3 3 0 2
1446131052 150 59 0 49 0 42 2 26 0 13 0 0 9 10 0 3 3 3 0 2
1446188432 151 59 0 49 0 42 2 26 0 13 0 0 9 10 0 3 3 3 0 2
1446188489 152 59 0 49 0 42 2 26 0 13 0 0 9 10 0 3 3 3 0 2
1446188577 153 59 0 49 0 42 2 26 0 13 0 0 9 10 0 3 3 3 0 2
1446214173 154 59 0 49 0 42 2 26 0 13 0 0 9 10 0 3 3 3 0 2
1446214683 155 59 0 49 0 42 2 26 0 13 0 0 9 10 0 3 3 3 0 2
1446458099 155 60 0 49 0 42 2 26 0 13 0 0 9 10 0 3 3 3 0 2
1446458651 155 61 0 49 0 42 2 26 0 13 0 0 9 10 0 3 3 3 0 2
1446459602 155 62 0 49 0 42 2 26 0 13 0 0 9 10 0 3 3 3 0 2
1446461916 155 62 0 49 0 42 2 26 0 14 0 0 9 10 0 3 3 3 0 2
1446462066 155 62 0 49 0 42 2 26 0 15 0 0 9 10 0 3 3 3 0 2
1446463323 155 62 0 49 0 42 2 26 0 15 0 0 9 10 1 3 3 3 0 2
1446463445 155 62 0 49 0 42 2 26 0 15 0 0 9 10 2 3 3 3 0 2
1446463472 155 62 0 49 0 42 2 26 0 15 0 0 9 10 3 3 3 3 0 2
1446467677 155 63 0 49 0 42 2 26 0 15 0 0 9 10 3 3 3 3 0 2
1446467775 156 64 0 49 0 42 2 26 0 15 0 0 9 10 4 3 3 3 0 2
1446535444 157 64 0 49 0 42 2 26 0 15 0 0 9 10 4 3 3 3 0 2
1446541372 157 64 0 49 0 42 2 26 0 16 0 0 9 10 4 3 3 3 0 2
1446542137 157 64 0 49 0 42 2 26 0 17 0 0 9 10 4 3 3 3 0 2
1446542699 157 64 0 49 0 42 2 26 0 18 0 0 9 10 4 3 3 3 0 2
1446546384 157 64 0 49 0 42 2 26 0 19 0 0 9 10 4 3 3 3 0 2
1446546651 157 64 0 49 0 42 2 26 0 20 0 0 9 10 4 3 3 3 0 2
1446552812 157 65 0 49 0 42 2 26 0 20 0 0 9 10 4 3 3 3 0 2
1446552907 157 66 0 49 0 42 2 26 0 20 0 0 9 10 4 3 3 3 0 2
1446553114 157 67 0 49 0 42 2 26 0 20 0 0 9 10 4 3 3 3 0 2
1446553282 157 68 0 49 0 42 2 26 0 20 0 0 9 10 4 3 3 3 0 2
1446557184 157 69 0 49 0 42 2 26 0 20 0 0 9 10 4 3 3 3 0 2
1446557302 157 70 0 49 0 42 2 26 0 20 0 0 9 10 4 3 3 3 0 2
1446562777 157 71 0 49 0 42 2 26 0 20 0 0 9 10 4 3 3 3 0 2
1446562910 157 72 0 49 0 42 2 26 0 20 0 0 9 10 4 3 3 3 0 2
1446562965 157 73 0 49 0 42 2 26 0 20 0 0 9 10 4 3 3 3 0 2
1446563026 157 74 0 49 0 42 2 26 0 20 0 0 9 10 4 3 3 3 0 2
1446563093 157 75 0 49 0 42 2 26 0 20 0 0 9 10 4 3 3 3 0 2
1446563844 159 76 0 49 0 42 2 26 0 20 0 0 9 10 4 3 3 3 0 2
1446567580 159 77 0 49 0 42 2 26 0 20 0 0 9 10 4 3 3 3 0 2
1446587052 160 77 0 49 0 42 2 26 0 20 0 0 9 10 4 3 3 3 0 2
1446606066 160 77 0 50 0 42 2 26 0 20 0 0 9 10 4 3 3 3 0 2
1446645747 161 77 0 50 0 42 2 26 0 20 0 0 9 10 4 3 3 3 0 2
1446646093 162 77 0 50 0 42 2 26 0 20 0 0 9 10 4 3 3 3 0 2
1446656978 163 77 0 50 0 42 2 26 0 25 0 0 9 10 4 3 3 3 0 2
1446727487 163 78 0 50 0 42 2 26 0 25 0 0 9 10 4 3 3 3 0 2
1446737108 164 78 0 50 0 42 2 26 0 25 0 0 9 10 4 3 3 3 0 2
1446766476 165 78 0 50 0 42 2 26 0 25 0 0 9 10 4 3 3 3 0 2
1446811579 166 78 0 50 0 42 2 26 0 25 0 0 9 10 4 3 3 3 0 2
1446820713 167 78 0 50 0 42 2 26 0 25 0 0 9 10 4 3 3 3 0 2
1447018402 168 78 0 50 0 42 2 26 0 25 0 0 9 10 4 3 3 3 0 2
1447018734 169 78 0 50 0 42 2 26 0 25 0 0 9 10 4 3 3 3 0 2
1447080795 170 78 0 50 0 42 2 26 0 25 0 0 9 10 4 3 3 3 0 2
1447082436 171 78 0 50 0 42 2 26 0 25 0 0 9 10 4 3 3 3 0 2
1447082477 172 78 0 50 0 42 2 26 0 25 0 0 9 10 4 3 3 3 0 2
1447168558 173 78 0 50 0 42 2 26 0 25 0 0 9 10 4 3 3 3 0 2
1447255519 174 78 0 50 0 42 2 26 0 25 0 0 9 10 4 3 3 3 0 2
1447320325 174 78 0 50 0 42 2 26 0 26 0 0 9 10 4 3 3 3 0 2
1447320446 174 78 0 50 0 42 2 26 0 27 0 0 9 10 4 3 3 3 0 2
1447342061 175 78 0 50 0 42 2 26 0 27 0 0 9 10 4 3 3 3 0 2
1447367505 176 78 0 50 0 42 2 26 0 27 0 0 9 10 4 3 3 3 0 2
1447369427 177 81 0 50 0 42 2 26 0 27 0 0 9 10 4 3 3 3 0 2
1447403318 177 81 0 50 0 42 2 26 1 27 0 0 9 10 4 3 3 3 0 2
1447405743 177 82 0 50 0 42 2 26 1 27 0 0 9 10 4 3 3 3 0 2
1447405769 177 83 0 50 0 42 2 26 1 27 0 0 9 10 4 3 3 3 0 2
1447410583 177 83 0 51 0 42 2 26 1 27 0 0 9 10 4 3 3 3 0 2
1447410705 177 83 0 52 0 42 2 26 1 27 0 0 9 10 4 3 3 3 0 2
1447418418 178 83 0 52 0 42 2 26 1 27 0 0 9 10 4 3 3 3 0 2
1447419525 178 84 0 52 0 42 2 26 1 27 0 0 9 10 4 3 3 3 0 2
1447420018 178 84 0 52 0 42 2 26 2 27 0 0 9 10 4 3 3 3 0 2
1447421068 178 85 0 52 0 42 2 26 2 27 0 0 9 10 4 3 3 3 0 2
1447421089 179 85 0 52 0 42 2 26 2 27 0 0 9 10 4 3 3 3 0 2
1447428475 180 85 0 52 0 42 2 26 2 27 0 0 9 10 4 3 3 3 0 2
1447451141 181 85 0 52 0 42 2 26 2 27 0 0 9 10 4 3 3 3 0 2
1447669211 182 85 0 52 0 42 2 26 2 27 0 0 9 10 4 3 3 3 0 2
1447687229 183 85 0 52 0 42 2 26 2 27 0 0 9 10 4 3 3 3 0 2
1447769098 184 85 0 52 0 42 2 26 2 27 0 0 9 10 4 3 3 3 0 2
1447802348 184 86 0 53 0 42 2 26 2 27 0 0 9 10 4 3 3 3 0 2
1447845374 184 87 0 53 0 42 2 26 2 27 0 0 9 10 4 3 3 3 0 2
1447845477 184 88 0 53 0 42 2 26 2 27 0 0 9 10 4 3 3 3 0 2
1447847004 184 89 0 53 0 42 2 26 2 27 0 0 9 10 4 3 3 3 0 2
1447850410 185 89 0 53 0 42 2 26 2 27 0 0 9 10 4 3 3 3 0 2
1447864588 186 89 0 53 0 42 2 26 2 27 0 0 9 10 4 3 3 3 0 2
1447886699 187 89 0 53 0 42 2 26 2 27 0 0 9 10 4 3 3 3 0 2
1447936931 188 89 0 53 0 42 2 26 2 27 0 0 9 10 4 3 3 3 0 2
1447937010 189 89 0 53 0 42 2 26 2 27 0 0 9 10 4 3 3 3 0 2
1447939774 190 89 0 53 0 42 2 26 2 27 0 0 9 10 4 3 3 3 0 2
1447941481 190 90 0 53 0 42 2 26 2 27 0 0 9 10 4 3 3 3 0 2
1448002716 191 90 0 53 0 42 2 26 2 27 0 0 9 10 4 3 3 3 0 2
1448002814 192 92 0 53 0 42 2 26 2 27 0 0 9 10 4 3 3 3 0 2
1448032406 193 92 0 53 0 42 2 26 2 27 0 0 9 10 4 3 3 3 0 2
1448050386 193 92 0 54 0 42 2 26 2 27 0 0 9 10 4 3 3 3 0 2
1448131695 193 93 0 54 0 42 2 26 2 27 0 0 9 10 4 3 3 3 0 2
1448206561 193 94 0 54 0 42 2 26 2 27 0 0 9 10 4 3 3 3 0 2
1448207671 193 95 0 54 0 42 2 26 2 27 0 0 9 10 4 3 3 3 0 2
1448263262 193 96 0 54 0 42 2 26 2 27 0 0 9 10 4 3 3 3 0 2
1448266548 193 96 0 54 0 42 2 26 3 27 0 0 9 10 4 3 3 3 0 2
1448267736 194 96 0 54 0 42 2 26 3 27 0 0 9 10 4 3 3 3 0 2
1448280194 194 97 0 54 0 42 2 26 3 27 0 0 9 10 4 3 3 3 0 2
1448282303 194 98 0 54 0 42 2 26 3 27 0 0 9 10 4 3 3 3 0 2
1448290009 194 99 0 54 0 42 2 26 3 27 0 0 9 10 4 3 3 3 0 2
1448290086 194 100 0 54 0 42 2 26 3 27 0 0 9 10 4 3 3 3 0 2
1448290704 194 101 0 54 0 42 2 26 3 27 0 0 9 10 4 3 3 3 0 2
1448292472 195 101 0 54 0 42 2 26 3 27 0 0 9 10 4 3 3 3 0 2
1448292507 196 101 0 54 0 42 2 26 3 27 0 0 9 10 4 3 3 3 0 2
1448293027 196 102 0 54 0 42 2 26 3 27 0 0 9 10 4 3 3 3 0 2
1448295930 197 102 0 54 0 42 2 26 3 27 0 0 9 10 4 3 3 3 0 2
1448297236 198 109 0 54 0 42 2 26 3 27 0 0 9 10 4 3 3 3 0 2
1448369951 198 110 0 54 0 42 2 26 3 27 0 0 9 10 4 3 3 3 0 2
1448370020 198 111 0 54 0 42 2 26 3 27 0 0 9 10 4 3 3 3 0 2
1448372914 198 112 0 54 0 42 2 26 3 27 0 0 9 10 4 3 3 3 0 2
1448373280 198 113 0 54 0 42 2 26 3 27 0 0 9 10 4 3 3 3 0 2
1448396780 199 113 0 54 0 42 2 26 3 27 0 0 9 10 4 3 3 3 0 2
1448396861 200 113 0 54 0 42 2 26 3 27 0 0 9 10 4 3 3 3 0 2
1448396988 201 113 0 54 0 42 2 26 3 27 0 0 9 10 4 3 3 3 0 2
1448402076 201 113 0 55 0 42 2 26 3 27 0 0 9 10 4 3 3 3 0 2
1448430230 202 113 0 55 0 42 2 26 3 27 0 0 9 10 4 3 3 3 0 2
1448439622 202 113 0 56 0 42 2 26 3 27 0 0 9 10 4 3 3 3 0 2
1448439662 202 113 0 57 0 42 2 26 3 27 0 0 9 10 4 3 3 3 0 2
1448440483 202 114 0 57 0 42 2 26 3 27 0 0 9 10 4 3 3 3 0 2
1448447469 203 114 0 57 0 42 2 26 3 27 0 0 9 10 4 3 3 3 0 2
1448448048 204 114 0 57 0 42 2 26 3 27 0 0 9 10 4 3 3 3 0 2
1448454623 204 114 0 57 0 42 2 26 4 27 0 0 9 10 4 3 3 3 0 2
1448465200 205 114 0 57 0 42 2 26 4 27 0 0 9 10 4 3 3 3 0 2
1448466458 206 114 0 57 0 42 2 26 4 27 0 0 9 10 4 3 3 3 0 2
1448468717 207 114 0 57 0 42 2 26 4 27 0 0 9 10 4 3 3 3 0 2
1448469059 207 115 0 57 0 42 2 26 4 27 0 0 9 10 4 3 3 3 0 2
1448535351 208 115 0 57 0 42 2 26 4 27 0 0 9 10 4 3 3 3 0 2
1448542540 208 116 0 57 0 42 2 26 4 27 0 0 9 10 4 3 3 3 0 2
1448542749 208 117 0 57 0 42 2 26 4 27 0 0 9 10 4 3 3 3 0 2
1448542967 208 118 0 57 0 42 2 26 4 27 0 0 9 10 4 3 3 3 0 2
1448543067 208 119 0 57 0 42 2 26 4 27 0 0 9 10 4 3 3 3 0 2
1448543361 208 120 0 57 0 42 2 26 4 27 0 0 9 10 4 3 3 3 0 2
1448613671 208 121 0 57 0 42 2 26 4 27 0 0 9 10 4 3 3 3 0 2
1448717686 209 121 0 57 0 42 2 26 4 27 0 0 9 10 4 3 3 3 0 2
1448717760 210 121 0 57 0 42 2 26 4 27 0 0 9 10 4 3 3 3 0 2
1448717811 211 121 0 57 0 42 2 26 4 27 0 0 9 10 4 3 3 3 0 2
1448736803 212 121 0 57 0 42 2 26 4 27 0 0 9 10 4 3 3 3 0 2
1448745880 212 121 0 57 0 42 2 26 4 27 0 0 10 10 4 3 3 3 0 2
1448793102 213 121 0 57 0 42 2 26 4 27 0 0 10 10 4 3 3 3 0 2
1448793703 214 121 0 57 0 42 2 26 4 27 0 0 10 10 4 3 3 3 0 2
1448887643 214 123 0 57 0 42 2 26 4 27 0 0 10 10 4 3 3 3 0 2
1448897098 215 123 0 57 0 42 2 26 4 27 0 0 10 10 4 3 3 3 0 2
1448954307 215 124 0 57 0 42 2 26 4 27 0 0 10 10 4 3 3 3 0 2
1448954332 215 125 0 57 0 42 2 26 4 27 0 0 10 10 4 3 3 3 0 2
1448971469 216 125 0 57 0 42 2 26 4 27 0 0 10 10 4 3 3 3 0 2
1448972958 216 125 0 57 0 42 3 26 4 27 0 0 10 10 4 3 3 3 0 2
1448977696 217 125 0 57 0 42 3 26 4 27 0 0 10 10 4 3 3 3 0 2
1448980997 217 126 0 57 0 42 3 26 4 27 0 0 10 10 4 3 3 3 0 2
1448981115 217 127 0 57 0 42 3 26 4 27 0 0 10 10 4 3 3 3 0 2
1448983383 218 127 0 57 0 42 3 26 4 27 0 0 10 10 4 3 3 3 0 2
1448983521 219 127 0 57 0 42 3 26 4 27 0 0 10 10 4 3 3 3 0 2
1448983688 219 128 0 57 0 42 3 26 4 27 0 0 10 10 4 3 3 3 0 2
1448983699 219 129 0 57 0 42 3 26 4 27 0 0 10 10 4 3 3 3 0 2
1449047786 219 131 0 57 0 42 3 26 4 27 0 0 10 10 4 3 3 3 0 2
1449058999 219 134 0 57 0 42 3 26 4 27 0 0 10 10 4 3 3 3 0 2
1449062592 219 135 0 57 0 42 3 26 4 27 0 0 10 10 4 3 3 3 0 2
1449095533 220 135 0 57 0 42 3 26 4 27 0 0 10 10 4 3 3 3 0 2
1449095616 221 135 0 57 0 42 3 26 4 27 0 0 10 10 4 3 3 3 0 2
1449124417 222 135 0 57 0 42 3 26 4 27 0 0 10 10 4 3 3 3 0 2
1449126922 222 136 0 57 0 42 3 26 4 27 0 0 10 10 4 3 3 3 0 2
1449127431 222 137 0 57 0 42 3 26 4 27 0 0 10 10 4 3 3 3 0 2
1449130519 223 137 0 57 0 42 3 26 4 27 0 0 10 10 4 3 3 3 0 2
1449144491 223 138 0 57 0 42 3 26 4 27 0 0 10 10 4 3 3 3 0 2
1449144503 223 139 0 57 0 42 3 26 4 27 0 0 10 10 4 3 3 3 0 2
1449146409 224 139 0 57 0 42 3 26 4 27 0 0 10 10 4 3 3 3 0 2
1449146483 225 139 0 57 0 42 3 26 4 27 0 0 10 10 4 3 3 3 0 2
1449155613 226 139 0 57 0 42 3 26 4 27 0 0 10 10 4 3 3 3 0 2
1449156469 227 139 0 57 0 42 3 26 4 27 0 0 10 10 4 3 3 3 0 2
1449170933 227 140 0 57 0 42 3 26 4 27 0 0 10 10 4 3 3 3 0 2
1449184770 228 140 0 57 0 42 3 26 4 27 0 0 10 10 4 3 3 3 0 2
1449211751 229 140 0 57 0 42 3 26 4 27 0 0 10 10 4 3 3 3 0 2
1449214135 230 140 0 57 0 42 3 26 4 27 0 0 10 10 4 3 3 3 0 2
1449221231 230 141 0 57 0 42 3 26 4 27 0 0 10 10 4 3 3 3 0 2
1449221448 230 141 0 58 0 42 3 26 4 27 0 0 10 10 4 3 3 3 0 2
1449222525 230 142 0 58 0 42 3 26 4 27 0 0 10 10 4 3 3 3 0 2
1449223780 231 142 0 58 0 42 3 26 4 27 0 0 10 10 4 3 3 3 0 2
1449223878 232 142 0 58 0 42 3 26 4 27 0 0 10 10 4 3 3 3 0 2
1449228029 232 143 0 58 0 42 3 26 4 27 0 0 10 10 4 3 3 3 0 2
1449228034 232 144 0 58 0 42 3 26 4 27 0 2 10 10 4 3 3 3 0 2
1449228454 232 144 0 58 0 42 3 26 4 27 0 3 10 10 4 3 3 3 0 2
1449246009 232 144 0 58 0 42 3 26 4 27 0 4 10 10 4 3 3 3 0 2
1449246972 232 144 0 58 0 42 3 26 4 27 0 5 10 10 4 3 3 3 0 2
1449263342 232 145 0 58 0 42 3 26 4 27 0 5 10 10 4 3 3 3 0 2
1449263817 232 146 0 58 0 42 3 26 4 27 0 5 10 10 4 3 3 3 0 2
1449406341 232 147 0 58 0 42 3 26 4 27 0 5 10 10 4 3 3 3 0 2
1449416547 233 147 0 58 0 42 3 26 4 27 0 5 10 10 4 3 3 3 0 2
1449417091 233 147 0 58 0 42 3 26 4 27 0 6 10 10 4 3 3 3 0 2
1449422542 234 147 0 58 0 42 3 26 4 27 0 6 10 10 4 3 3 3 0 2
1449424900 234 147 0 58 0 42 3 26 4 27 0 7 10 10 4 3 3 3 0 2
1449425710 234 148 0 58 0 42 3 26 4 27 0 7 10 10 4 3 3 3 0 2
1449428490 234 148 0 58 0 42 3 26 4 27 0 8 10 10 4 3 3 3 0 2
1449428906 234 148 0 58 0 42 3 26 4 27 0 9 10 10 4 3 3 3 0 2
1449429838 234 148 0 58 0 42 3 26 4 27 0 10 10 10 4 3 3 3 0 2
1449430230 234 149 0 58 0 42 3 26 4 27 0 10 10 10 4 3 3 3 0 2
1449430625 234 150 0 58 0 42 3 26 4 27 0 10 10 10 4 3 3 3 0 2
1449476818 235 150 0 58 0 42 3 26 4 27 0 10 10 10 4 3 3 3 0 2
1449476844 236 150 0 58 0 42 3 26 4 27 0 10 10 10 4 3 3 3 0 2
1449480764 237 150 0 58 0 42 3 26 4 27 0 10 10 10 4 3 3 3 0 2
1449489425 238 150 0 58 0 42 3 26 4 27 0 10 10 10 4 3 3 3 0 2
1449493501 238 150 0 58 0 42 4 26 4 27 0 10 10 10 4 3 3 3 0 2
1449493915 238 151 0 58 0 42 4 26 4 27 0 10 10 10 4 3 3 3 0 2
1449494762 239 151 0 58 0 42 4 26 4 27 0 10 10 10 4 3 3 3 0 2
1449494839 240 151 0 58 0 42 4 26 4 27 0 10 10 10 4 3 3 3 0 2
1449494906 240 156 0 58 0 42 4 26 4 27 0 10 10 10 4 3 3 3 0 2
1449495116 241 156 0 58 0 42 4 26 4 27 0 10 10 10 4 3 3 3 0 2
1449500361 241 157 0 58 0 42 4 26 4 27 0 10 10 10 4 3 3 3 0 2
1449560759 241 158 0 58 0 42 4 26 4 27 0 10 10 10 4 3 3 3 0 2
1449561185 241 159 0 58 0 42 4 26 4 27 0 10 10 10 4 3 3 3 0 2
1449562373 241 160 0 58 0 42 4 26 4 27 0 10 10 10 4 3 3 3 0 2
1449562687 241 161 0 58 0 42 4 26 4 27 0 10 10 10 4 3 3 3 0 2
1449564292 241 162 0 58 0 42 4 26 4 27 0 10 10 10 4 3 3 3 0 2
1449565234 241 163 0 58 0 42 4 26 4 27 0 10 10 10 4 3 3 3 0 2
1449565615 241 164 0 58 0 42 4 26 4 27 0 10 10 10 4 3 3 3 0 2
1449566897 241 165 0 58 0 42 4 26 4 27 0 10 10 10 4 3 3 3 0 2
1449568373 241 166 0 58 0 42 4 26 4 27 0 10 10 10 4 3 3 3 0 2
1449570001 241 167 0 58 0 42 4 26 4 27 0 10 10 10 4 3 3 3 0 2
1449571224 242 167 0 58 0 42 4 26 4 27 0 10 10 10 4 3 3 3 0 2
1449571419 243 167 0 58 0 42 4 26 4 27 0 10 10 10 4 3 3 3 0 2
1449571842 244 167 0 58 0 42 4 26 4 27 0 10 10 10 4 3 3 3 0 2
1449588231 244 168 0 58 0 42 4 26 4 27 0 10 10 10 4 3 3 3 0 2
1449645841 244 169 0 58 0 42 4 26 4 27 2 10 10 10 4 3 3 3 0 2
1449648766 244 169 0 58 0 42 4 26 4 27 3 10 10 10 4 3 3 3 0 2
1449649025 244 169 0 58 0 42 4 26 4 27 4 10 10 10 4 3 3 3 0 2
1449649309 244 169 0 58 0 42 4 26 4 27 5 10 10 10 4 3 3 3 0 2
1449651707 244 170 0 58 0 42 4 26 4 27 5 10 10 10 4 3 3 3 0 2
1449651780 244 171 0 58 0 42 4 26 4 27 5 10 10 10 4 3 3 3 0 2
1449660247 244 172 0 58 0 42 4 26 4 27 10 10 10 10 4 3 3 3 0 2
1449668436 244 172 0 58 0 42 4 26 4 27 10 10 10 10 4 3 3 3 1 2
1449668881 244 172 0 58 0 42 4 26 4 27 10 10 10 10 4 3 3 3 2 2
1449739275 244 172 0 58 0 42 4 26 4 27 11 10 10 10 4 3 3 3 2 2
1449739473 244 172 0 58 0 42 4 26 4 27 12 10 10 10 4 3 3 3 2 2
1449740438 244 172 0 58 0 42 4 26 4 27 13 10 10 10 4 3 3 3 2 2
1449745832 244 172 0 58 0 42 4 26 4 27 14 10 10 10 4 3 3 3 2 2
1449745991 244 172 0 58 0 42 4 26 4 27 15 10 10 10 4 3 3 3 2 2
1449746084 244 172 0 58 0 42 4 26 4 27 16 10 10 10 4 3 3 3 2 2
1449746388 244 172 0 58 0 42 4 26 4 27 17 10 10 10 4 3 3 3 2 2
1449748497 244 172 0 58 0 42 4 26 4 27 18 10 10 10 4 3 3 3 2 2
1449748788 244 172 0 58 0 42 4 26 4 27 19 10 10 10 4 3 3 3 2 2
1449750974 244 173 0 58 0 42 4 26 4 27 19 10 10 10 4 3 3 3 2 2
1449755277 244 173 0 58 0 42 4 26 4 27 20 10 10 10 4 3 3 3 2 2
1449756621 244 173 0 58 0 42 4 26 4 27 21 10 10 10 4 3 3 3 2 2
1449761784 244 174 0 58 0 42 4 26 4 27 23 10 10 10 4 3 3 3 2 2
1449828618 244 174 0 58 0 42 4 26 4 27 24 10 10 10 4 3 3 3 2 2
1449829286 244 174 0 58 0 42 4 26 4 27 25 10 10 10 4 3 3 3 2 2
1449866051 244 174 0 58 0 42 4 26 4 27 25 10 10 10 4 3 3 3 2 2
1450099457 244 175 0 58 0 42 4 26 4 27 25 10 10 10 4 3 3 3 2 2
1450100356 244 176 0 58 0 42 4 26 4 27 25 10 10 10 4 3 3 3 2 2
1450100937 244 177 0 58 0 42 4 26 4 27 25 10 10 10 4 3 3 3 2 2
1450105638 244 177 1 58 0 42 4 26 4 27 25 10 10 10 4 3 3 3 2 2
1450121479 244 177 2 58 0 42 4 26 4 27 25 10 10 10 4 3 3 3 2 2
1450121702 244 177 3 58 0 42 4 26 4 27 25 10 10 10 4 3 3 3 2 2
1450122178 245 177 3 58 0 42 4 26 4 27 25 10 10 10 4 3 3 3 2 2
1450122373 246 177 3 58 0 42 4 26 4 27 25 10 10 10 4 3 3 3 2 2
1450122599 247 177 3 58 0 42 4 26 4 27 25 10 10 10 4 3 3 3 2 2
1450127786 247 177 4 58 0 42 4 26 4 27 25 10 10 10 4 3 3 3 2 2
1450164443 247 177 5 58 0 42 4 26 4 27 25 10 10 10 4 3 3 3 2 2
1450164585 247 177 6 58 0 42 4 26 4 27 25 10 10 10 4 3 3 3 2 2
1450164730 247 178 7 58 0 42 21 26 4 27 25 13 10 10 4 3 3 3 2 2
1450181090 247 179 7 58 0 42 21 26 4 27 25 13 10 10 4 3 3 3 2 2
1450185207 247 180 14 58 0 42 21 26 4 27 25 17 10 10 4 3 3 3 2 2
1450192589 247 180 15 58 0 42 21 26 4 27 25 17 10 10 4 3 3 3 2 2
1450192857 247 180 16 58 0 42 21 26 4 27 25 17 10 10 4 3 3 3 2 2
1450193778 247 180 17 58 0 42 21 26 4 27 25 17 10 10 4 3 3 3 2 2
1450194960 247 180 18 58 0 42 21 26 4 27 25 17 10 10 4 3 3 3 2 2
1450201467 248 183 18 58 0 42 38 26 4 27 25 20 10 10 4 3 3 3 2 2
1450203005 248 184 18 58 0 42 38 26 4 27 25 20 10 10 4 3 3 3 2 2
1450218208 249 184 18 58 0 42 38 26 4 27 25 20 10 10 4 3 3 3 2 2
1450219498 250 184 18 58 0 42 38 26 4 27 25 20 10 10 4 3 3 3 2 2
1450254202 251 184 18 58 0 42 38 26 4 27 25 20 10 10 4 3 3 3 2 2
1450257215 251 184 19 58 0 42 38 26 4 27 25 20 10 10 4 3 3 3 2 2
1450257364 251 184 20 58 0 42 38 26 4 27 25 20 10 10 4 3 3 3 2 2
1450263299 251 184 21 58 0 42 38 26 4 27 25 20 10 10 4 3 3 3 2 2
1450265444 251 185 21 58 0 42 38 26 4 27 25 20 10 10 4 3 3 3 2 2
1450269601 251 185 22 58 0 42 38 26 4 27 25 20 10 10 4 3 3 3 2 2
1450272745 251 186 22 58 0 42 38 26 4 27 25 20 10 10 4 3 3 3 2 2
1450272807 251 187 22 58 0 42 38 26 4 27 25 20 10 10 4 3 3 3 2 2
1450272867 251 188 22 58 0 42 38 26 4 27 25 20 10 10 4 3 3 3 2 2
1450272906 251 189 22 58 0 42 38 26 4 27 25 20 10 10 4 3 3 3 2 2
1450272970 251 190 22 58 0 42 38 26 4 27 25 20 10 10 4 3 3 3 2 2
1450273827 251 190 22 58 0 42 38 26 5 27 25 20 10 10 4 3 3 3 2 2
1450276113 251 190 23 58 0 42 38 26 5 27 25 20 10 10 4 3 3 3 2 2
1450276844 251 190 23 58 0 42 38 26 6 27 25 20 10 10 4 3 3 3 2 2
1450277352 251 191 23 58 0 42 38 26 6 27 25 20 10 10 4 3 3 3 2 2
1450337627 251 191 24 58 0 42 38 26 6 27 25 20 10 10 4 3 3 3 2 2
1450338026 251 191 25 58 0 42 38 26 6 27 25 20 10 10 4 3 3 3 2 2
1450338372 251 192 26 58 0 42 38 26 6 27 25 20 10 10 4 3 3 3 2 2
1450346444 251 192 26 58 0 42 38 27 6 27 25 20 10 10 4 3 3 3 2 2
1450346876 251 192 26 58 0 42 38 28 6 27 25 20 10 10 4 3 3 3 2 2
1450349771 251 192 27 58 0 42 38 28 6 27 25 20 10 10 4 3 3 3 2 2
1450349823 251 192 28 58 0 42 38 28 6 27 25 20 10 10 4 3 3 3 2 2
1450352584 251 192 29 58 0 42 38 28 6 27 25 20 10 10 4 3 3 3 2 2
1450352792 251 192 30 58 0 42 38 28 6 27 25 20 10 10 4 3 3 3 2 2
1450354266 251 192 31 58 0 42 38 28 6 27 25 20 10 10 4 3 3 3 2 2
1450354334 251 192 32 58 0 42 38 28 6 27 25 20 10 10 4 3 3 3 2 2
1450355147 251 192 33 58 0 42 38 28 6 27 25 20 10 10 4 3 3 3 2 2
1450355185 251 192 34 58 0 42 38 28 6 27 25 20 10 10 4 3 3 3 2 2
1450355209 251 192 35 58 0 42 38 28 6 27 25 20 10 10 4 3 3 3 2 2
1450355336 251 192 36 58 0 42 38 28 6 27 25 20 10 10 4 3 3 3 2 2
1450355724 251 192 37 58 0 42 38 28 6 27 25 20 10 10 4 3 3 3 2 2
1450356061 251 192 38 58 0 42 38 28 6 27 25 20 10 10 4 3 3 3 2 2
1450356127 251 192 39 58 0 42 38 28 6 27 25 20 10 10 4 3 3 3 2 2
1450356221 251 192 40 58 0 42 38 28 6 27 25 20 10 10 4 3 3 3 2 2
1450360096 251 192 41 58 0 42 38 28 6 27 25 20 10 10 4 3 3 3 2 2
1450360235 251 192 42 58 0 42 38 28 6 27 25 20 10 10 4 3 3 3 2 2
1450360453 251 192 43 58 0 42 38 28 6 27 25 20 10 10 4 3 3 3 2 2
1450360524 251 192 44 58 0 42 38 28 6 27 25 20 10 10 4 3 3 3 2 2
1450360685 251 192 45 58 0 42 38 28 6 27 25 20 10 10 4 3 3 3 2 2
1450361128 251 192 46 58 0 42 38 28 6 27 25 20 10 10 4 3 3 3 2 2
1450363187 251 192 47 58 0 42 38 28 6 27 25 20 10 10 4 3 3 3 2 2
1450363227 251 192 48 58 0 42 38 28 6 27 25 20 10 10 4 3 3 3 2 2
1450363755 251 192 49 58 0 42 38 28 6 27 25 20 10 10 4 3 3 3 2 2
1450364022 251 192 50 58 0 42 38 28 6 27 25 20 10 10 4 3 3 3 2 2
1450364154 251 192 51 58 0 42 38 28 6 27 25 20 10 10 4 3 3 3 2 2
1450364451 251 192 52 58 0 42 38 28 6 27 25 20 10 10 4 3 3 3 2 2
1450364492 251 192 53 58 0 42 38 28 6 27 25 20 10 10 4 3 3 3 2 2
1450415471 251 193 53 58 0 42 38 28 6 27 25 20 10 10 4 3 3 3 2 2
1450416171 251 194 53 58 0 42 38 28 6 27 25 20 10 10 4 3 3 3 2 2
1450419554 251 197 53 58 0 42 38 28 6 27 25 20 10 10 4 3 3 3 2 2
1450433652 251 198 53 58 0 42 38 28 6 27 25 20 10 10 4 3 3 3 2 2
1450438181 251 198 53 58 0 42 38 28 7 27 25 20 10 10 4 3 3 3 2 2
1450438317 251 198 53 58 0 42 38 28 8 27 25 20 10 10 4 3 3 3 2 2
1450438400 251 198 53 58 0 42 38 28 9 27 25 20 10 10 4 3 3 3 2 2
1450438550 251 198 53 58 0 42 38 28 10 27 25 20 10 10 4 3 3 3 2 2
1450439021 251 199 53 58 0 42 38 28 10 27 25 20 10 10 4 3 3 3 2 2
1450439243 251 200 53 58 0 42 38 28 10 27 25 20 10 10 4 3 3 3 2 2
1450450075 252 203 53 58 0 42 38 28 10 27 25 20 10 10 4 3 3 3 2 2
1450547054 252 204 53 58 0 42 38 28 10 27 25 20 10 10 4 3 3 3 2 2
1450625375 252 205 53 58 0 42 38 28 10 27 25 20 10 10 4 3 3 3 2 2
1450626700 252 206 53 58 0 42 38 28 10 27 25 20 10 10 4 3 3 3 2 2
1450635365 252 207 53 58 0 42 38 28 10 27 25 20 10 10 4 3 3 3 2 2
1450635407 252 208 53 58 0 42 38 28 10 27 25 20 10 10 4 3 3 3 2 2
1450642736 253 208 53 58 0 42 38 28 10 27 25 20 10 10 4 3 3 3 2 2
1450645540 254 208 53 58 0 42 38 28 10 27 25 20 10 10 4 3 3 3 2 2
1450652740 255 208 53 58 0 42 38 28 10 27 25 20 10 10 4 3 3 3 2 2
1450652831 256 208 53 58 0 42 38 28 10 27 25 20 10 10 4 3 3 3 2 2
1450652902 257 208 53 58 0 42 38 28 10 27 25 20 10 10 4 3 3 3 2 2
1450653690 258 208 53 58 0 42 38 28 10 27 25 20 10 10 4 3 3 3 2 2
1450689174 259 208 53 58 0 42 38 28 10 27 25 20 10 10 4 3 3 3 2 2
1450689239 260 208 53 58 0 42 38 28 10 27 25 20 10 10 4 3 3 3 2 2
1450689396 261 208 53 58 0 42 38 28 10 27 25 20 10 10 4 3 3 3 2 2
1450690849 262 208 53 58 0 42 38 28 10 27 25 20 10 10 4 3 3 3 2 2
1450692507 263 208 53 58 0 42 38 28 10 27 25 20 10 10 4 3 3 3 2 2
1450693434 264 208 53 58 0 42 38 28 10 27 25 20 10 10 4 3 3 3 2 2
1450696925 264 209 53 58 0 42 38 28 10 27 25 20 10 10 4 3 3 3 2 2
1450697248 264 210 53 58 0 42 38 28 10 27 25 20 10 10 4 3 3 3 2 2
1450700685 265 210 53 58 0 42 38 28 10 27 25 20 10 10 4 3 3 3 2 2
1450700809 266 210 53 58 0 42 38 28 10 27 25 20 10 10 4 3 3 3 2 2
1450703483 267 210 53 58 0 42 38 28 10 27 25 20 10 10 4 3 3 3 2 2
1450703716 268 210 53 58 0 42 38 28 10 27 25 20 10 10 4 3 3 3 2 2
1450704070 269 210 53 58 0 42 38 28 10 27 25 20 10 10 4 3 3 3 2 2
1450712596 270 210 53 58 0 42 38 28 10 27 25 20 10 10 4 3 3 3 2 2
1450716292 270 211 53 58 0 42 38 28 10 27 25 20 10 10 4 3 3 3 2 2
1450717317 271 211 53 58 0 42 38 28 10 27 25 20 10 10 4 3 3 3 2 2
1450717458 272 211 53 58 0 42 38 28 10 27 25 20 10 10 4 3 3 3 2 2
1450738219 272 212 53 58 0 42 38 28 10 27 25 20 10 10 4 3 3 3 2 2
1450742474 273 212 53 58 0 42 38 28 10 27 25 20 10 10 4 3 3 3 2 2
1450744438 273 213 53 58 0 42 38 28 10 27 25 20 10 10 4 3 3 3 2 2
1450744509 274 213 53 58 0 42 38 28 10 27 25 20 10 10 4 3 3 3 2 2
1450747075 275 213 53 58 0 42 38 28 10 27 25 20 10 10 4 3 3 3 2 2
1450749503 275 214 53 58 0 42 38 28 10 27 25 20 10 10 4 3 3 3 2 2
1450749605 275 215 53 58 0 42 38 28 10 27 25 20 10 10 4 3 3 3 2 2
1450759592 276 215 53 58 0 42 38 28 10 27 25 20 10 10 4 3 3 3 2 2
1450759647 277 215 53 58 0 42 38 28 10 27 25 20 10 10 4 3 3 3 2 2
1450768776 278 215 53 58 0 42 38 28 10 27 25 20 10 10 4 3 3 3 2 2
1450773969 278 216 53 58 0 42 38 28 10 27 25 20 10 10 4 3 3 3 2 2
1450776085 279 216 53 58 0 42 38 28 10 27 25 20 10 10 4 3 3 3 2 2
1450776904 279 217 53 58 0 42 38 28 10 27 25 20 10 10 4 3 3 3 2 2
1450777849 279 218 53 58 0 42 38 28 10 27 25 20 10 10 4 3 3 3 2 2
1450784340 279 218 53 58 0 42 38 28 10 27 25 20 11 10 4 3 3 3 2 2
1450787236 280 218 53 58 0 42 38 28 10 27 25 20 11 10 4 3 3 3 2 2
1450787259 281 218 53 58 0 42 38 28 10 27 25 20 11 10 4 3 3 3 2 2
1450859286 282 218 53 58 0 42 38 28 10 27 25 20 11 10 4 3 3 3 2 2
1450863841 283 218 53 58 0 42 38 28 10 27 25 20 11 10 4 3 3 3 2 2
1450863888 284 218 53 58 0 42 38 28 10 27 25 20 11 10 4 3 3 3 2 2
1450863917 285 220 53 58 0 42 38 28 10 27 25 20 11 10 4 3 3 3 2 2
1450864183 285 221 53 58 0 42 38 28 10 27 25 20 11 10 4 3 3 3 2 2
1450869168 285 222 53 58 0 42 38 28 10 27 25 20 11 10 4 3 3 3 2 2
1450871133 285 223 53 58 0 42 38 28 10 27 25 20 11 10 4 3 3 3 2 2
1450879064 286 223 53 58 0 42 38 28 10 27 25 20 11 10 4 3 3 3 2 2
1450879368 287 223 53 58 0 42 38 28 10 27 25 20 11 10 4 3 3 3 2 2
1450879382 288 223 53 58 0 42 38 28 10 27 25 20 11 10 4 3 3 3 2 2
1450882066 288 223 53 58 0 42 38 29 10 27 25 20 11 10 4 3 3 3 2 2
1450882431 289 223 53 58 0 42 38 29 10 27 25 20 11 10 4 3 3 3 2 2
1450940443 290 223 53 58 0 42 38 29 10 27 25 20 11 10 4 3 3 3 2 2
1450940919 290 224 53 58 0 42 38 29 10 27 25 20 11 10 4 3 3 3 2 2
1450941066 290 225 53 58 0 42 38 29 10 27 25 20 11 10 4 3 3 3 2 2
1450941555 290 226 53 58 0 42 38 29 10 27 25 20 11 10 4 3 3 3 2 2
1450943166 291 226 53 58 0 42 38 29 10 27 25 20 11 10 4 3 3 3 2 2
1450943182 292 226 53 58 0 42 38 29 10 27 25 20 11 10 4 3 3 3 2 2
1450943334 293 226 53 58 0 42 38 29 10 27 25 20 11 10 4 3 3 3 2 2
1450946690 293 227 53 58 0 42 38 29 10 27 25 20 11 10 4 3 3 3 2 2
1450950581 294 227 53 58 0 42 38 29 10 27 25 20 11 10 4 3 3 3 2 2
1450950598 295 227 53 58 0 42 38 29 10 27 25 20 11 10 4 3 3 3 2 2
1450954481 296 227 53 58 0 42 38 29 10 27 25 20 11 10 4 3 3 3 2 2
1450955192 297 227 53 58 4 42 38 29 10 27 25 20 11 10 4 3 3 3 2 2
1450959248 297 227 53 58 5 42 38 29 10 27 25 20 11 10 4 3 3 3 2 2
1450962707 297 227 74 58 6 42 38 29 10 27 25 20 11 10 4 3 3 3 2 2
1450963371 297 228 74 58 6 42 38 29 10 27 25 20 11 10 4 3 3 3 2 2
1450968841 297 229 74 58 6 42 38 29 10 27 25 20 11 10 4 3 3 3 2 2
1451051113 298 229 74 58 6 42 38 29 10 27 25 20 11 10 4 3 3 3 2 2
1451056729 299 229 74 58 6 42 38 29 10 27 25 20 11 10 4 3 3 3 2 2
1451056750 300 229 74 58 6 42 38 29 10 27 25 20 11 10 4 3 3 3 2 2
1451316026 301 229 74 58 6 42 38 29 10 27 25 20 11 10 4 3 3 3 2 2
1451316192 302 229 74 58 6 42 38 29 10 27 25 20 11 10 4 3 3 3 2 2
1451316215 303 229 74 58 6 42 38 29 10 27 25 20 11 10 4 3 3 3 2 2
1451906202 303 230 74 58 12 42 38 29 10 27 25 20 11 10 4 3 3 3 2 2
1452007113 304 230 74 58 12 42 38 29 10 27 25 20 11 10 4 3 3 3 2 2
1452007251 305 230 74 58 12 42 38 29 10 27 25 20 11 10 4 3 3 3 2 2
1452093045 305 233 74 58 13 42 38 29 10 27 25 20 11 10 4 3 3 3 2 2
1452177684 305 233 74 58 14 42 38 29 10 27 25 20 11 10 4 3 3 3 2 2
1452244555 307 233 74 58 15 42 38 29 10 27 25 20 11 10 4 3 3 3 2 2
1452265977 307 233 74 58 16 42 38 29 10 27 25 20 11 10 4 3 3 3 2 2
1452521134 307 233 74 58 17 42 38 29 10 27 25 20 11 10 4 3 3 3 2 2
1452582362 307 233 74 58 18 42 38 29 10 27 25 20 11 10 4 3 3 3 2 2
1452601288 307 233 74 58 19 42 38 29 10 27 25 20 11 10 4 3 3 3 2 2
1452606856 308 233 74 58 19 42 38 29 10 27 25 20 11 10 4 3 3 3 2 2
1452608747 309 233 74 58 20 42 38 29 10 27 25 20 11 10 4 3 3 3 2 2
1452608952 309 233 74 58 21 42 38 29 10 27 25 20 11 10 4 3 3 3 2 2
1452685524 309 233 74 58 21 42 38 29 11 27 25 20 11 10 4 3 3 3 2 2
1452690081 309 233 74 58 21 42 38 29 12 27 25 20 11 10 4 3 3 3 2 2
1452694480 309 234 74 58 21 42 38 29 12 27 25 20 11 10 4 3 3 3 2 2
1452697800 309 235 74 58 21 42 38 29 12 27 25 20 11 10 4 3 3 3 2 2
1452762783 309 236 74 58 21 42 38 29 12 27 25 20 11 10 4 3 3 3 2 2
1452762903 309 237 74 58 21 42 38 29 12 27 25 20 11 10 4 3 3 3 2 2
1452763442 309 238 74 58 21 42 38 29 12 27 25 20 11 10 4 3 3 3 2 2
1452773090 310 238 74 58 21 42 38 29 12 27 25 20 11 10 4 3 3 3 2 2
1452773680 310 238 74 58 21 42 38 29 13 27 25 20 11 10 4 3 3 3 2 2
1452859168 310 239 74 58 21 42 38 29 14 27 25 20 11 10 4 3 3 3 2 2
1452867284 310 239 74 58 22 42 38 29 14 27 25 20 11 10 4 3 3 3 2 2
1452888200 310 240 74 58 22 42 38 29 14 27 25 20 11 10 4 3 3 3 2 2
1453102873 310 241 74 58 22 42 38 29 14 27 25 20 11 10 4 3 3 3 2 2
1453103989 310 241 74 58 22 42 38 29 15 27 25 20 11 10 4 3 3 3 2 2
1453104238 310 241 74 58 22 42 38 29 16 27 25 20 11 10 4 3 3 3 2 2
1453106044 310 241 74 58 22 42 38 30 16 27 25 20 11 10 4 3 3 3 2 2
1453111233 310 241 74 58 22 42 38 31 16 27 25 20 11 10 4 3 3 3 2 2
1453113145 310 242 74 58 22 42 38 31 16 27 25 20 11 10 4 3 3 3 2 2
1453121009 310 242 74 58 23 42 38 31 16 27 25 20 11 10 4 3 3 3 2 2
1453121797 310 243 74 58 23 42 38 31 16 27 25 20 11 10 4 3 3 3 2 2
1453133256 310 245 74 58 24 42 38 33 16 27 25 20 11 10 4 3 3 3 2 2
1453194033 310 246 74 58 24 42 38 33 16 27 25 20 11 10 4 3 3 3 2 2
1453195786 310 246 74 58 25 42 38 33 16 27 25 20 11 10 4 3 3 3 2 2
1453196128 310 246 74 58 26 42 38 33 16 27 25 20 11 10 4 3 3 3 2 2
1453196401 310 246 74 58 27 42 38 33 16 27 25 20 11 10 4 3 3 3 2 2
1453196533 310 246 74 58 28 42 38 33 16 27 25 20 11 10 4 3 3 3 2 2
1453208994 310 246 74 58 29 42 38 33 16 27 25 20 11 10 4 3 3 3 2 2
1453209443 310 246 74 58 30 42 38 33 16 27 25 20 11 10 4 3 3 3 2 2
1453216220 310 246 74 58 31 42 38 33 16 27 25 20 11 10 4 3 3 3 2 2
1453216308 310 246 74 58 32 42 38 33 16 27 25 20 11 10 4 3 3 3 2 2
1453216970 310 246 74 58 33 42 38 33 16 27 25 20 11 10 4 3 3 3 2 2
1453284820 310 246 74 58 34 42 38 33 16 27 25 20 11 10 4 3 3 3 2 2
1453298984 310 247 74 58 34 42 38 33 16 27 25 20 11 10 4 3 3 3 2 2
1453299168 310 248 74 58 34 42 38 33 16 27 25 20 11 10 4 3 3 3 2 2
1453299730 310 249 74 58 34 42 38 33 16 27 25 20 11 10 4 3 3 3 2 2
1453303270 310 251 74 58 35 42 38 33 16 27 25 20 11 10 4 3 3 3 2 2
1453368137 310 251 80 58 35 42 38 33 16 27 25 20 11 10 4 3 3 3 2 2
1453368849 310 251 81 58 35 42 38 33 16 27 25 20 11 10 4 3 3 3 2 2
1453369025 310 251 82 58 35 42 38 33 16 27 25 20 11 10 4 3 3 3 2 2
1453369541 310 251 83 58 35 42 38 33 16 27 25 20 11 10 4 3 3 3 2 2
1453370755 310 251 83 58 36 42 38 33 16 27 25 20 11 10 4 3 3 3 2 2
1453379938 310 251 83 58 37 42 38 33 16 27 25 20 11 10 4 3 3 3 2 2
1453384962 310 251 84 58 37 42 38 33 16 27 25 20 11 10 4 3 3 3 2 2
1453385565 310 251 85 58 37 42 38 33 16 27 25 20 11 10 4 3 3 3 2 2
1453385880 310 251 86 58 37 42 38 33 16 27 25 20 11 10 4 3 3 3 2 2
1453386096 310 251 86 58 38 42 38 33 16 27 25 20 11 10 4 3 3 3 2 2
1453388753 310 251 87 58 38 42 38 33 16 27 25 20 11 10 4 3 3 3 2 2
1453389730 310 251 87 58 39 42 38 33 16 27 25 20 11 10 4 3 3 3 2 2
1453456910 310 251 87 58 40 42 38 33 16 27 25 20 11 10 4 3 3 3 2 2
1453469424 310 251 87 58 41 42 38 33 16 27 25 20 11 10 4 3 3 3 2 2
1453469618 310 251 87 58 42 42 38 33 16 27 25 20 11 10 4 3 3 3 2 2
1453471725 310 251 87 58 43 42 38 33 16 27 25 20 11 10 4 3 3 3 2 2
1453472490 310 251 87 58 44 42 38 33 16 27 25 20 11 10 4 3 3 3 2 2
1453472852 310 256 97 58 45 42 38 33 20 27 25 20 11 10 4 3 3 3 2 2
1453713054 310 257 97 58 45 42 38 33 20 27 25 20 11 10 4 3 3 3 2 2
1453713897 310 258 97 58 45 42 38 33 20 27 25 20 11 10 4 3 3 3 2 2
1453714839 310 259 97 58 45 42 38 33 20 27 25 20 11 10 4 3 3 3 2 2
1453716026 310 260 97 58 45 42 38 33 20 27 25 20 11 10 4 3 3 3 2 2
1453726430 310 266 97 58 45 42 38 33 29 27 25 20 11 10 4 3 3 3 2 2
1453783210 310 267 97 58 45 42 38 33 29 27 25 20 11 10 4 3 3 3 2 2
1453783498 310 268 97 58 45 42 38 33 29 27 25 20 11 10 4 3 3 3 2 2
1453783773 310 269 97 58 45 42 38 33 29 27 25 20 11 10 4 3 3 3 2 2
1453814226 310 269 97 58 45 42 38 34 29 27 25 20 11 10 4 3 3 3 2 2
