1424350572 500
1424792471 343
1424794049 345
1424816370 351
1425046146 351
1427294615 750
1427359430 748
1430982762 751
1430984851 796
1431948223 1416
1432211715 1504
1432212219 1508
1432822634 1481
1432827210 1547
1432909741 1608
1433259538 1607
1433260040 1606
1433260123 1606
1433260228 1606
1435309119 1282
1435593989 1425
1435675297 1514
1435746181 1675
1435757018 1701
1435917199 1701
1436163780 3739
1436182079 3739
1436182112 3759
1436182819 3886
1436258052 4109
1436275674 4215
1436291607 4270
1436292119 4307
1436339500 4395
1436345919 4399
1436355098 4409
1436357158 4397
1436364928 4397
1436389854 4397
1436421348 4396
1436422682 4395
1436432853 4396
1436434035 4404
1437657951 4405
1437657973 5267
1438168240 8290
1438760771 8729
1438793727 8028
1438810147 8073
1438860541 8747
1438941904 8765
1439202366 8765
1439285348 8796
1439366417 8796
1439401523 8847
1439450753 8908
1439472129 8944
1439472753 8939
1439475338 8979
1439556558 9064
1439725468 9093
1439879187 9107
1440060947 9101
1440411864 9347
1440411881 9354
1440576053 9392
1440576201 9395
1440599187 9403
1440601186 9410
1440648295 9417
1440685244 9334
1440771741 9191
1440993781 8951
1441015772 8960
1441029196 8684
1441029292 8952
1441114961 8862
1441345609 8867
1441355937 8892
1441361883 8984
1441376127 8994
1441376172 8997
1441606422 9012
1441628818 9039
1441635716 9074
1441692187 9086
1441720954 9024
1441801897 9024
1441803437 9022
1441808626 9016
1441864787 9000
1441872405 8857
1441881949 8859
1441882041 8857
1441883282 8856
1441885955 8858
1441910149 8858
1441910183 9270
1441950125 9317
1441952727 9317
1441979262 9318
1441979725 9318
1442327152 9920
1442430385 9734
1442431093 9752
1442471013 9451
1442472134 9451
1442485945 9451
1442486553 9452
1442489810 9452
1442491204 9576
1442493817 9452
1442495629 9586
1442499935 9586
1442541926 9641
1442563712 9481
1442586066 9487
1442907990 9585
1442908795 9591
1442911508 9591
1443429316 9745
1443441529 9864
1443441717 9870
1443594958 9870
1443595872 9870
1443726601 9871
1443732903 9872
1443764091 9891
1443795812 9892
1444223804 10060
1444312914 10060
1444380148 10062
1444380211 10069
1444736542 10065
1444743489 10065
1444743572 10065
1444743591 10076
1444918981 10075
1445010521 10268
1445235279 10535
1445264054 10535
1445412731 10543
1445423839 10544
1445439020 10746
1445499283 10856
1445513296 10890
1445524923 10873
1445588051 10953
1445588111 10951
1445588262 10952
1445604809 10956
1445604926 10956
1445605683 10962
1445608382 10974
1445611776 11094
1445625228 11085
1445683216 11100
1445767645 11102
1445841553 11107
1445859259 11117
1445866046 11114
1445866069 11114
1445879003 11118
1445879051 11117
1445934964 11335
1445935078 11394
1445946508 11394
1446029932 11396
1446030038 11402
1446030097 11458
1446044363 11484
1446458099 11485
1446458651 11516
1446459602 11648
1446463323 11658
1446463445 11658
1446463472 11654
1446464899 12628
1446466394 12628
1446467775 12628
1446535444 12630
1446552812 12770
1446552907 12767
1446553114 12775
1446560852 9435
1446560875 9436
1446563026 9324
1446563093 9458
1446563844 9435
1446567580 9450
1446587052 9452
1446618044 9044
1446618105 9052
1446621010 9454
1446621416 9454
1446621526 9447
1446621757 9447
1446622526 9447
1446645747 9452
1446646093 9452
1446656978 9454
1446724448 9144
1446727487 9456
1446737108 9445
1446766476 9445
1446811579 9445
1446820713 9477
1446822248 9909
1447018402 9476
1447018734 9549
1447080795 9549
1447082436 9549
1447082477 9549
1447168558 9549
1447255519 9549
1447320325 9550
1447320446 9550
1447342061 9558
1447367505 9523
1447369427 9523
1447400955 9563
1447401709 10190
1447405743 9112
1447405769 9117
1447418418 9117
1447421089 9502
1447428475 9531
1447451141 9543
1447669211 9543
1447687229 9546
1447769098 9537
1447845374 9562
1447845477 9662
1447847004 9662
1447850410 9662
1447864588 9665
1447886699 9665
1447936931 9670
1447937010 9671
1447939774 9672
1448032406 9749
1448131695 10232
1448206561 10236
1448207671 10283
1448263262 10334
1448282303 10520
1448292472 9745
1448292507 9845
1448295930 9849
1448297236 9851
1448369951 10769
1448370020 10769
1448372914 10768
1448373280 10507
1448396780 10510
1448396861 10545
1448396988 10554
1448430230 10547
1448440483 10621
1448447469 10621
1448448048 10619
1448465200 10620
1448466458 10621
1448468717 10621
1448469059 10920
1448542540 10919
1448542749 10955
1448542967 11202
1448543067 11273
1448543361 11277
1448613671 11274
1448717686 11275
1448717760 11273
1448717811 11273
1448736803 11218
1448793102 11220
1448793703 11222
1448887643 11221
1448897098 11224
1448954332 11235
1448972958 11219
1448981115 11416
1448983688 11429
1448983699 11428
1449047786 11436
1449095533 11436
1449095616 11436
1449124417 11440
1449127431 11837
1449144491 11836
1449144503 11836
1449158266 12048
1449170933 11829
1449175844 12023
1449228029 11829
1449228034 11848
1449228454 12043
1449246009 12081
1449246972 12081
1449263342 12056
1449263817 12056
1449406341 12056
1449412482 14553
1449416547 12057
1449422542 12057
1449425290 14583
1449429965 14585
1449476818 12058
1449476844 12411
1449480764 12419
1449483062 14609
1449489425 12422
1449494762 12422
1449494839 14650
1449495116 14609
1449500361 14609
1449560759 14608
1449561185 14608
1449562373 14611
1449562687 14611
1449564292 14611
1449565234 14631
1449565615 14632
1449566897 14637
1449568373 14644
1449570001 14650
1449571224 14650
1449571419 14650
1449571842 14650
1449588231 14694
1449645515 14776
1449645699 14788
1449645841 14689
1449648766 14791
1449649025 14790
1449649309 14854
1449651707 14690
1449651780 14695
1449660247 14710
1449668436 14854
1449668881 14854
1449739275 14854
1449739473 14853
1449740438 14853
1449745832 14855
1449745991 14855
1449746084 14855
1449746388 14855
1449748497 14864
1449748788 14865
1449750974 14865
1449761784 14866
1450099457 14866
1450100356 14922
1450100937 14922
1450105638 14930
1450121479 14931
1450121702 14931
1450122178 14923
1450122373 14929
1450122599 14929
1450127786 14971
1450164443 14948
1450164585 14970
1450164730 14970
1450192589 15009
1450192857 15009
1450193778 15829
1450257215 15825
1450257364 15825
1450263299 15827
1450269601 15829
1450276113 15887
1450276492 38260
1450337627 39070
1450338026 38253
1450338372 38253
1450346876 38277
1450356566 38932
1450413808 38945
1450416171 38606
1450419554 38686
1450433652 38959
1450439021 38688
1450439243 38908
1450547054 38954
1450625375 38960
1450626700 38970
1450635365 39003
1450635407 39003
1450642736 39022
1450645540 39046
1450652740 39109
1450652831 39110
1450652902 39111
1450653690 39112
1450689174 39113
1450689239 39121
1450689396 39121
1450690849 39125
1450692507 39124
1450693434 39125
1450696925 39125
1450697248 39126
1450700685 39126
1450700809 39153
1450703483 39160
1450703716 39160
1450704070 39164
1450712596 39166
1450717317 39167
1450717458 39186
1450742474 39186
1450744509 39191
1450747075 39191
1450759592 40193
1450759647 40307
1450768776 40323
1450773969 40330
1450776085 40363
1450776904 40379
1450777849 40387
1450787236 40432
1450787259 40553
1450859286 40553
1450863819 40665
1450863839 40716
1450863841 40586
1450863888 40598
1450863917 40599
1450864183 40717
1450869168 40717
1450871133 40720
1450879064 40720
1450879368 40719
1450879382 40719
1450882066 40730
1450882431 40742
1450940443 40735
1450943166 40735
1450943182 40756
1450943334 40756
1450950581 40781
1450950598 40786
1450954481 40817
1450955192 40823
1451051113 40821
1451056729 40824
1451316026 41385
1451316192 41381
1451316215 41381
1452007113 41381
1452007251 41394
1452606856 41563
1452608952 42384
1452685524 44831
1452690081 44831
1452694480 44894
1452697800 44570
1452762783 44873
1452762903 44873
1452763442 66371
1452773090 66368
1452888200 66404
1453102873 66446
1453106044 66446
1453111233 66446
1453194033 48228
1453207321 47553
1453211113 47593
1453291703 47607
1453292596 47611
1453293275 47695
1453299168 48010
1453299730 45530
1453302737 48017
1453368622 48030
1453368823 48049
1453368905 48068
1453369025 46064
1453369541 46064
1453377582 48139
1453385880 46187
1453388753 46187
1453410110 48240
1453714839 46909
1453716026 47486
1453726430 47472
1453783210 48234
1453783498 47906
1453783773 47907
1453814226 48142
