1439031120 677
1439031915 678
1439032053 5378
1439032077 5379
1439033704 22465
1439033835 22467
1439034327 22468
1439035641 22468
1439558949 788
1439559063 22961
1440664350 43965
1440664743 43965
1440665550 53109
1441029524 53109
1441029551 53112
1441029971 53113
1441196289 53924
1441196434 76185
1441196965 76205
1441700084 76182
1441700176 76185
1441700206 79276
1441700376 79276
1441701943 80089
1441702154 80089
1441710790 80103
1441714658 80110
1441784882 80869
1441798135 81350
1441798350 81386
1441883866 81380
1442211949 81407
1442214794 81431
1442221311 81431
1442228997 81431
1442240595 81754
1442240842 82024
1442833650 82057
1442836227 81450
1442837313 81451
