1428416454 1755
1428416752 1755
1428469843 1386
1428477454 227
1428488407 759
1428488655 759
1428577088 858
1428657212 877
1428657401 878
1428664414 897
1428668606 906
1428911079 875
1428931838 1817
1428997563 1965
1429021839 2007
1429100384 2074
1429101069 2084
1429112347 2095
1434617707 3261
1434698527 3263
1434698984 3288
1434981804 3405
1435040919 3438
1435041059 3441
1435140251 3431
1435573849 3637
1435666571 3650
1435909289 3790
1435927193 3790
1435927986 3766
1435929737 3770
1436171544 3771
1436257910 4029
1436274617 4039
1436359506 4041
1436437616 4048
1436438975 4049
1436440563 4050
1436530467 4096
1436531696 4110
1436535767 4111
1437397569 4256
1437421586 4280
1437476776 4306
1437481886 4308
1437482087 4308
1437482425 4308
1437656012 4309
1438754562 4966
1438769591 4968
1439217647 4979
1439281306 4979
