1424354575 211
1424790828 937
1424792715 937
1424815142 931
1424900277 1041
1424966916 1210
1424983227 1230
1425043254 1224
1427364897 1231
1435301242 1232
1435307265 1236
1435312045 1237
1435565620 1270
1435566405 1270
1435593029 1262
1435840296 1262
1436270585 1263
1436311157 1263
1436337383 1263
1436533859 1264
1438793886 1270
1438794089 1399
1438810170 1399
1438943183 1409
1439202421 1416
1439365513 1748
1439365644 1775
1439401061 1851
1439725557 1850
1439878338 1827
1440061197 1896
1440576080 1895
1440599243 1906
1440648454 2133
1440771943 2542
1440993674 2765
1440996314 2759
1441007923 2793
1441093172 2793
1441093195 2801
1441099475 2800
1441114753 2949
1441275683 3007
1441286457 3007
1441287903 3010
1441288240 3010
1441290218 3036
1441342012 3047
1441345410 3070
1441346076 3078
1441347610 3077
1441354142 3134
1441361919 3226
1441369815 3229
1441376055 3231
1441376092 3268
1441377599 3267
1441580615 3277
1441582899 3277
1441628761 3242
1441721012 3294
1441808626 3236
1441863029 3227
1441872405 3222
1441873390 3222
1441892209 3092
1441910243 3092
1441949499 3094
1442413076 3098
1442442462 3098
1442483679 3099
1442483689 3099
1442493795 3099
1442499936 3099
1442541825 3129
1442542001 3140
1442563713 3151
1442582692 3150
1442586557 3150
1442660563 3150
1442910492 3150
1442925631 3150
1442925669 3157
1442925761 3161
1442925835 3164
1443612876 3169
1443709482 3171
1443726688 3172
1443732903 3182
1443764035 3182
1443795813 3183
1444026889 3183
1444026939 3197
1444027083 3196
1444027189 3199
1444027276 3202
1444027316 3205
1444027432 3313
1444054619 3314
1444054667 3314
1444313015 3461
1444400123 3462
1444659560 3477
1444659817 3491
1444659844 3491
1444734894 3525
1444744825 3526
1444744890 3532
1444802100 3571
1444832518 3529
1445266121 3971
1445412842 3987
1445412912 3990
1445612777 4055
1445625228 4055
1445628342 4066
1445683002 4066
1445841569 4063
1445859198 4063
1445869454 4063
1445874407 4070
1445879096 4075
1445942650 4075
1446033964 4080
1446188230 4090
1446198691 4091
1446214443 4090
1446214618 4091
1446214683 4092
1446451833 4093
1446464877 4093
1446464900 4094
1446473366 4094
1446560789 4097
1446587123 4097
1446628436 4100
1446645748 4129
1446653367 4138
1446656978 4138
1446738166 4174
1446766476 4175
1446804968 4179
1446820713 4215
1446820750 4219
1446820773 4227
1447018402 4228
1447018501 4230
1447051119 4236
1447062822 4527
1447063792 4530
1447070600 4534
1447080356 4534
1447080589 4536
1447080612 4536
1447082679 4536
1447155929 4536
1447169257 4534
1447254555 4536
1447255286 4560
1447255462 4563
1447255519 4546
1447321206 4542
1447342060 4542
1447342094 4536
1447369427 4541
1447408356 4554
1447418418 4563
1447428475 4573
1447450723 4577
1447451109 4600
1447668617 4773
1447668675 4777
1447669118 4781
1447669195 4786
1447669211 4786
1447687297 4799
1447687351 4799
1447687421 4799
1447687497 4848
1447689642 4852
1447690070 4843
1447693652 4859
1447698920 4859
1447744035 4864
1447761188 4861
1447761259 4864
1447761300 4757
1447761326 4757
1447761429 4761
1447860210 4763
1447860263 4776
1447860324 4849
1447864515 4849
1447864588 4847
1447886699 4849
1447915230 4853
1447936902 4861
1447937091 4875
1448002814 4879
1448010199 4894
1448010273 4903
1448029979 4937
1448030052 4961
1448263652 4976
1448264644 4983
1448292309 4997
1448292360 5005
1448297177 5004
1448312287 5004
1448396963 5054
1448397015 5056
1448440064 5078
1448448098 5092
1448448170 5093
1448448227 5093
1448465064 5143
1448465142 5142
1448465182 5144
1448465267 5143
1448468716 5143
1448535431 5144
1448551326 5148
1448725914 5145
1448725930 5146
1448736802 5213
1448736827 5244
1448793062 5258
1448884870 5263
1448891310 5265
1448894233 5265
1448977304 5255
1448977671 5282
1448983360 5284
1448983500 5286
1449069901 5281
1449069931 5285
1449069979 5347
1449095533 5330
1449122170 5330
1449123500 5333
1449124407 5341
1449134280 5341
1449135417 5348
1449146483 5348
1449156469 5368
1449160930 5370
1449184769 5373
1449210656 5374
1449211751 5375
1449214134 5368
1449223481 5368
1449223821 5372
1449403537 5381
1449408721 5381
1449416587 5383
1449430625 5383
1449476818 5383
1449480764 5381
1449487549 5381
1449489425 5382
1449494762 5382
1449564370 5394
1449564459 5396
1449565142 5398
1449571774 5401
1449571807 5405
1449571842 5405
1449584933 5405
1450262969 5407
1450263436 5410
1450272952 5411
1450352373 5421
1450450075 5423
1450455705 5408
1450652770 5410
1450652789 5410
1450652864 5436
1450690849 5442
1450700685 5448
1450704133 5455
1450712596 5462
1450717436 5464
1450741369 5465
1450747127 5469
1450747134 5489
1450768624 5491
1450776084 5498
1450787236 5504
1450787259 5543
1450859532 5554
1450863841 5526
1450863888 5526
1450882466 5535
1450882498 5537
1450940503 5537
1450942528 5550
1450943493 5551
1450948156 5555
1451051113 5562
1451315024 6106
1451316192 6102
1451488698 6102
1451488730 6117
1452007351 6118
1452179795 6118
