1431454139 0 1 0 0 0 0
1431458322 0 2 0 0 0 0
1431458706 0 3 0 0 0 0
1431458868 0 4 0 0 0 0
1431461165 0 5 0 0 0 0
1431463039 0 6 0 0 0 0
1431463230 0 7 0 0 0 0
1431491228 0 8 0 0 0 0
1431491292 0 9 0 0 0 0
1431492581 0 10 0 0 0 0
1431501028 0 11 0 0 0 0
1431502716 0 12 0 0 0 0
1431526384 0 13 0 0 0 0
1431526430 0 14 0 0 0 0
1431526606 0 15 0 0 0 0
1432282670 0 16 0 0 0 0
1432283068 0 17 0 0 0 0
1432284890 0 18 0 0 0 0
1434048143 0 19 0 0 0 0
1434357352 0 20 0 0 0 0
1434357383 0 21 0 0 0 0
1435237850 0 22 0 0 0 0
1435239233 0 23 0 0 0 0
1435308893 0 24 0 0 0 0
1435324597 0 25 0 0 0 0
1435906660 0 26 0 0 0 0
1435906886 0 27 0 0 0 0
1436880378 1 27 0 0 0 0
1436880825 2 27 0 0 0 0
1436882595 3 27 0 0 0 0
1436883231 4 27 0 0 0 0
1436946439 5 27 0 0 0 0
1436946762 6 27 0 0 0 0
1436957342 7 27 0 0 0 0
1436957507 8 27 0 0 0 0
1436957762 9 27 0 0 0 0
1437390352 9 28 0 0 0 0
1437390577 9 29 0 0 0 0
1437390679 9 30 0 0 0 0
1437396881 10 30 0 0 0 0
1437399612 11 30 0 0 0 0
1437460240 12 30 0 0 0 0
1437462405 13 30 0 0 0 0
1437462880 14 30 0 0 0 0
1437463736 15 30 0 0 0 0
1437469054 16 30 0 0 0 0
1437469137 17 30 0 0 0 0
1437476724 18 30 0 0 0 0
1437476796 19 30 0 0 0 0
1437480730 20 30 0 0 0 0
1437483766 21 30 0 0 0 0
1437483821 21 31 0 0 0 0
1437483854 21 32 0 0 0 0
1437483870 21 33 0 0 0 0
1437483912 21 34 0 0 0 0
1437485552 22 34 0 0 0 0
1437486451 22 35 0 0 0 0
1437549884 23 35 0 0 0 0
1437550349 24 35 0 0 0 0
1437552168 25 35 0 0 0 0
1437568238 26 35 0 0 0 0
1437568849 27 35 0 0 0 0
1437569372 28 35 0 0 0 0
1437569793 29 35 0 0 0 0
1437570585 30 35 0 0 0 0
1437632634 31 35 0 0 0 0
1437632841 32 35 0 0 0 0
1437646849 33 35 0 0 0 0
1437647645 34 35 0 0 0 0
1437647780 35 35 0 0 0 0
1437647954 36 35 0 0 0 0
1437649711 37 35 0 0 0 0
1437649824 38 35 0 0 0 0
1437653297 39 35 0 0 0 0
1437653660 40 35 0 0 0 0
1437655337 41 35 0 0 0 0
1437658448 42 35 0 0 0 0
1437658508 43 35 0 0 0 0
1437659484 44 35 0 0 0 0
1437659855 45 35 0 0 0 0
1437662464 45 35 0 0 0 1
1437675743 46 35 0 0 0 1
1437676317 47 35 0 0 0 1
1437681221 48 35 0 0 0 1
1437683683 49 35 0 0 0 1
1437685476 50 35 0 0 0 1
1437736423 51 35 0 0 0 1
1437737619 52 35 0 0 0 1
1437739510 53 35 0 0 0 1
1437740548 54 35 0 0 0 1
1437740941 55 35 0 0 0 1
1437741934 56 35 0 0 0 1
1437743713 57 35 0 0 0 1
1437986239 57 36 0 0 0 1
1437987141 57 37 0 0 0 1
1437987166 57 38 0 0 0 1
1437987879 58 38 0 0 0 1
1437988046 59 38 0 0 0 1
1437988063 60 38 0 0 0 1
1437988305 60 39 0 0 0 1
1437988895 60 40 0 0 0 1
1437989186 120 41 0 0 0 1
1437996502 120 41 0 0 0 2
1438000428 120 41 0 0 0 3
1438006598 121 41 0 0 0 3
1438007154 121 41 0 0 0 4
1438012474 122 41 0 0 0 4
1438012560 123 41 0 0 0 4
1438012581 124 41 0 0 0 4
1438068875 125 41 0 0 0 4
1438074113 126 41 0 0 0 4
1438085910 126 41 1 0 0 4
1438086098 126 41 1 0 0 5
1438086693 126 41 2 0 0 5
1438086724 126 41 3 0 0 5
1438087113 126 41 4 0 0 5
1438087446 126 41 5 0 0 5
1438087519 126 41 5 1 0 5
1438089980 127 41 5 1 0 5
1438101535 128 41 5 1 0 5
1438101742 129 41 5 1 0 5
1438152287 129 42 5 1 0 5
1438152981 129 43 5 1 0 5
1438154461 129 44 5 1 0 5
1438160552 129 45 5 1 0 5
1438160566 129 46 5 1 0 5
1438160581 129 47 5 1 0 5
1438160970 129 48 5 1 0 5
1438160994 129 49 5 1 0 5
1438161474 130 49 5 1 0 5
1438161484 131 49 5 1 0 5
1438161783 131 50 5 1 0 5
1438161798 131 51 5 1 0 5
1438162579 131 52 5 1 0 5
1438166716 131 53 5 1 0 5
1438168810 131 54 5 1 0 5
1438169632 131 55 5 1 0 5
1438169717 131 56 5 1 0 5
1438169948 132 56 5 1 0 5
1438265667 132 57 5 1 0 5
1438265712 132 58 5 1 0 5
1438265806 132 59 5 1 0 5
1438327856 132 60 5 1 0 5
1438365465 132 60 6 1 0 5
1438365574 132 60 7 1 0 5
1438365729 132 60 8 1 0 5
1438365976 132 60 9 1 0 5
1438366346 132 60 10 1 0 5
1438366401 132 60 10 2 0 5
1438366691 132 60 11 2 0 5
1438366760 132 60 12 2 0 5
1438366808 132 60 12 3 0 5
1438584030 132 61 12 3 0 5
1438597989 132 62 12 3 0 5
1438599058 132 63 12 3 0 5
1438625984 132 64 12 3 0 5
1438626191 132 65 12 3 0 5
1438626340 132 66 12 3 0 5
1438626769 132 67 12 3 0 5
1438626856 132 68 12 3 0 5
1438671481 132 69 12 3 0 5
1438673795 132 70 12 3 0 5
1438778105 132 71 12 3 0 5
1438778142 132 72 12 3 0 5
1438778399 132 73 12 3 0 5
1438778749 132 73 13 3 0 5
1438780812 132 74 13 3 0 5
1438781377 132 75 13 3 0 5
1438781894 132 76 13 3 0 5
1438782099 132 77 13 3 0 5
1438783817 132 78 13 3 0 5
1438805383 132 78 14 3 0 5
1438820232 132 78 15 3 0 5
1438820324 132 78 16 3 0 5
1438820349 132 78 17 3 0 5
1438820430 132 78 18 3 0 5
1438820506 132 78 19 3 0 5
1438821789 132 78 20 3 0 5
1438821929 132 78 20 4 0 5
1438850334 132 79 20 4 0 5
1438850362 132 80 20 4 0 5
1438850482 132 81 20 4 0 5
1438858389 132 82 20 4 0 5
1438930183 132 83 20 4 0 5
1438937563 133 83 20 4 0 5
1438937581 134 83 20 4 0 5
1438945980 135 83 20 4 0 5
1438953491 136 83 20 4 0 5
1438954529 136 84 20 4 0 5
1438983480 136 84 20 4 1 5
1438984196 136 85 20 4 1 5
1438984234 136 86 20 4 1 5
1438984282 136 87 20 4 1 5
1438984294 136 88 20 4 1 5
1438985236 136 89 20 4 1 5
1439010140 136 90 20 4 1 5
1439010164 136 91 20 4 1 5
1439011539 136 92 20 4 1 5
1439011854 136 93 20 4 1 5
1439038889 136 94 20 4 1 5
1439038921 136 95 20 4 1 5
1439136471 137 95 20 4 1 5
1439137003 138 95 20 4 1 5
1439155032 139 95 20 4 1 5
1439155214 140 95 20 4 1 5
1439190259 141 95 20 4 1 5
1439284381 142 95 20 4 1 5
1439388003 143 95 20 4 1 5
1439388036 144 95 20 4 1 5
1439457580 145 95 20 4 1 5
1439461187 146 95 20 4 1 5
1439462885 147 95 20 4 1 5
1439464331 148 95 20 4 1 5
1439465862 149 95 20 4 1 5
1439465918 150 95 20 4 1 5
1439559332 150 95 21 4 1 5
1439559749 151 95 21 4 1 5
1439560096 152 95 21 4 1 5
1439561023 153 95 21 4 1 5
1439715921 154 95 21 4 1 5
1439727870 155 95 21 4 1 5
1439727899 156 95 21 4 1 5
1439727985 157 95 21 4 1 5
1439793548 158 95 21 4 1 5
1439859351 158 95 21 4 2 5
1439859401 158 95 22 4 2 5
1439859497 158 95 23 4 2 5
1439859581 158 95 24 4 2 5
1439859696 158 95 25 4 2 5
1439860044 158 95 26 4 2 5
1439860257 158 95 27 4 2 5
1439861637 158 95 28 4 2 5
1439861668 158 95 29 4 2 5
1439861822 158 95 30 4 2 5
1439861917 158 95 31 4 2 5
1439862040 158 95 32 4 2 5
1439862527 158 95 33 4 2 5
1439864634 158 95 33 4 3 5
1439864787 158 95 34 4 3 5
1439864823 158 95 35 4 3 5
1439864909 158 95 36 4 3 5
1439865060 158 95 37 4 3 5
1439865272 158 95 38 4 3 5
1439994680 158 95 39 4 3 5
1439994714 158 95 40 4 3 5
1440004909 159 95 40 4 3 5
1440062643 160 95 40 4 3 5
1440076727 160 96 40 4 3 5
1440076839 160 97 40 4 3 5
1440077141 160 98 40 4 3 5
1440077622 160 99 40 4 3 5
1440077849 160 100 40 4 3 5
1440078430 160 101 40 4 3 5
1440078465 160 102 40 4 3 5
1440078487 160 103 40 4 3 5
1440078812 160 104 40 4 3 5
1440078821 160 105 40 4 3 5
1440141873 160 106 40 4 3 5
1440141935 160 107 40 4 3 5
1440142175 160 108 40 4 3 5
1440142229 160 109 40 4 3 5
1440142515 160 110 40 4 3 5
1440145397 160 111 40 4 3 5
1440146073 160 112 40 4 3 5
1440146828 160 113 40 4 3 5
1440153855 160 113 41 4 3 5
1440155255 160 113 42 4 3 5
1440157883 160 113 43 4 3 5
1440357260 160 113 44 4 3 5
1440359676 160 113 45 4 3 5
1440414390 160 113 46 4 3 5
1440416219 160 114 46 4 3 5
1440422402 160 115 46 4 3 5
1440422903 160 116 46 4 3 5
1440422905 160 117 46 4 3 5
1440423337 160 118 46 4 3 5
1440425641 160 119 46 4 3 5
1440425826 160 119 47 4 3 5
1440425933 160 120 47 4 3 5
1440489469 160 121 47 4 3 5
1440662644 160 122 47 4 3 5
1440662944 160 123 47 4 3 5
1440663145 160 124 47 4 3 5
1440663532 160 125 47 4 3 5
1440664395 160 126 47 4 3 5
1440665196 160 127 47 4 3 5
1440670574 160 128 47 4 3 5
1440670977 160 129 47 4 3 5
1440671029 160 130 47 4 3 5
1440684037 160 131 47 4 3 5
1440684100 161 131 47 4 3 5
1440744955 162 131 47 4 3 5
1440748129 163 131 47 4 3 5
1440752411 164 131 47 4 3 5
1440754636 165 131 47 4 3 5
1440754766 166 131 47 4 3 5
1440754906 167 131 47 4 3 5
1440839487 167 131 48 4 3 5
1440845225 168 131 48 4 3 5
1440847251 169 131 48 4 3 5
1440851416 170 131 48 4 3 5
1440852910 171 131 48 4 3 5
1440853894 172 131 48 4 3 5
1440853964 173 131 48 4 3 5
1440875550 174 131 48 4 3 5
1440875893 175 131 48 4 3 5
1440877173 176 131 48 4 3 5
1441026281 176 132 48 4 3 5
1441026328 176 133 48 4 3 5
1441026397 176 134 48 4 3 5
1441029098 176 135 48 4 3 5
1441193052 176 135 48 4 4 5
1441193187 176 135 49 4 4 5
1441193232 176 135 50 4 4 5
1441193596 176 136 50 4 4 5
1441196055 176 136 51 4 4 5
1441196095 176 136 52 4 4 5
1441196766 176 136 53 4 4 5
1441200646 176 137 53 4 4 5
1441201445 176 138 53 4 4 5
1441202054 176 138 53 4 5 5
1441202720 176 138 53 5 5 5
1441280854 176 139 53 5 5 5
1441280879 176 140 53 5 5 5
1441285250 176 141 53 5 5 5
1441285282 176 142 53 5 5 5
1441713559 176 142 54 5 5 5
1441798198 176 142 55 5 5 5
1441872169 176 143 55 5 5 5
1441873013 176 144 55 5 5 5
1441873253 176 145 55 5 5 5
1441873396 176 146 55 5 5 5
1441975798 177 146 55 5 5 5
1441975811 178 146 55 5 5 5
1441979896 178 147 55 5 5 5
1442606923 179 147 55 5 5 5
1442609715 180 147 55 5 5 5
1442609942 181 147 55 5 5 5
1442610260 182 147 55 5 5 5
1442610349 183 147 55 5 5 5
1442613646 184 147 55 5 5 5
1442614314 185 147 55 5 5 5
1443414170 185 147 56 5 5 5
1443414233 185 147 57 5 5 5
1443414361 185 147 58 5 5 5
