1431454139 168
1431458322 184
1431458706 223
1431458868 240
1431461165 279
1431463039 316
1431463230 321
1431491228 359
1431491292 376
1431492581 376
1431501028 376
1431526384 452
1431526430 452
1431526606 452
1432282670 520
1432283068 520
1432284890 523
1434357352 672
1434357383 671
1435237850 676
1435239233 983
1435308893 1094
1435324597 1201
1435906660 1323
1435906886 1319
1437483821 1330
1437483854 1355
1437483870 1380
1437483912 1476
1437486451 1569
1438012560 1988
1438012581 2802
1438068875 2799
1438074113 2925
1438086098 3084
1438089980 3084
1438101535 3085
1438101742 3030
1438152287 3042
1438152981 3042
1438154461 3051
1438160552 3121
1438160566 3231
1438160581 3339
1438160970 3346
1438160994 3375
1438161783 3394
1438161798 3393
1438162579 3394
1438166716 3396
1438168810 3397
1438169632 3466
1438169717 3466
1438169948 3466
1438937563 3472
1438937581 4550
1438945980 4551
1438953491 4744
1438954529 4815
1438984196 4907
1438984234 4907
1438984282 4904
1438984294 5200
1438985236 5302
1439010140 5325
1439010164 5349
1439011539 5349
1439011854 5349
1439038889 5350
1439038921 5373
1439136471 5374
1439137003 5375
1439155032 5375
1439155214 5375
1440076727 7299
1440076839 7299
1440077141 7338
1440077622 7345
1440077849 8896
1440078430 9020
1440078465 9023
1440078487 9046
1440078812 7690
1440078821 7721
1440141873 7725
1440141935 7726
1440142175 7731
1440142229 7732
1440142515 7730
1440145397 7730
1440146073 7730
1440146828 7738
1440416219 9366
1440422903 11718
1440422905 11718
1440423337 11382
1440425641 11454
1440425933 10988
1440489469 10994
1440662644 10996
1440662944 10997
1440663145 11004
1440663532 11004
1440664395 11070
1440665196 11070
1440670574 11069
1440670977 11070
1440671029 11066
1440684037 11074
1440684100 11074
1440744955 11061
1440748129 11077
1440752411 11086
1440754636 11092
1440754766 11091
1440754906 11062
1440845225 11062
1440847251 11062
1440851416 11062
1440852910 11062
1440853894 11063
1440853964 11063
1440875550 11064
1440875893 11064
1440877173 11065
1441975798 11066
1441975811 11655
1441979896 11659
1442606923 11659
1442609715 11659
1442609942 11659
1442610260 11659
1442610349 11660
1442613646 11665
1442614314 11665
1443414170 11673
1443414233 11685
1443414361 11685
